Equipo,Derribos conseguidos,% Dribladores derribados,Desafíos Perdidos,Disparos Bloqueados,Intercepciones,Errores,Temporada
Alaves,12.2,40.3,10.4,3.50,13.1,0.29,2017-2018
Athletic Club,12.8,40.3,11.6,2.71,12.2,0.24,2017-2018
Atletico de Madrid,16.2,44.5,12.4,3.39,13.5,0.11,2017-2018
Barcelona,10.9,41.5,8.50,2.71,11.2,0.26,2017-2018
Betis,11.2,39.7,8.53,2.50,11.2,0.45,2017-2018
Celta Vigo,11.1,39.2,8.89,2.66,13.1,0.26,2017-2018
Eibar,11.5,42.1,9.34,1.39,14.6,0.24,2017-2018
Espanyol,13.2,38.7,11.3,3.05,13.6,0.24,2017-2018
Getafe,12.9,37.7,12.0,1.82,12.8,0.13,2017-2018
Girona,10.6,39.6,9.63,2.21,12.9,0.16,2017-2018
Deportivo de La Coruna,13.2,43.0,10.2,2.97,12.7,0.34,2017-2018
Las Palmas,11.4,41.4,9.97,2.95,13.4,0.55,2017-2018
Leganes,12.7,46.3,9.84,2.29,15.3,0.24,2017-2018
Levante,10.9,38.2,10.2,3.34,12.6,0.24,2017-2018
Malaga,13.4,38.5,11.4,2.66,13.1,0.08,2017-2018
Real Madrid,12.4,40.6,9.71,2.18,11.2,0.42,2017-2018
Real Sociedad,9.84,42.4,8.13,2.39,11.7,0.16,2017-2018
Sevilla,14.1,43.2,10.2,3.00,10.8,0.45,2017-2018
Valencia,12.9,44.7,10.1,2.84,12.1,0.24,2017-2018
Villarreal,12.3,39.6,11.1,3.45,11.2,0.18,2017-2018
Alaves,10.2,42.7,8.97,3.08,10.3,0.34,2018-2019
Athletic Club,10.1,37.9,10.6,2.45,11.9,0.18,2018-2019
Atletico de Madrid,12.8,45.6,10.0,2.47,12.2,0.32,2018-2019
Barcelona,9.11,45.9,7.00,2.66,10.3,0.42,2018-2019
Betis,9.95,40.3,8.55,2.11,9.50,0.55,2018-2019
Celta Vigo,9.92,45.9,8.00,2.76,10.1,0.50,2018-2019
Eibar,11.2,42.6,8.50,1.39,9.68,0.26,2018-2019
Espanyol,10.4,38.5,11.1,3.53,10.7,0.37,2018-2019
Getafe,9.42,41.3,9.53,2.13,11.9,0.39,2018-2019
Girona,9.66,41.5,9.79,3.26,11.4,0.37,2018-2019
Huesca,11.9,43.7,10.3,2.82,11.6,0.32,2018-2019
Leganes,10.1,39.1,9.32,2.21,11.4,0.26,2018-2019
Levante,9.79,36.6,12.1,3.97,11.1,0.32,2018-2019
Rayo Vallecano,11.1,43.4,8.82,2.03,11.4,0.42,2018-2019
Real Madrid,10.4,39.0,10.1,2.05,9.82,0.29,2018-2019
Real Sociedad,9.05,42.5,8.84,2.87,11.2,0.50,2018-2019
Sevilla,10.7,39.6,8.16,3.00,9.61,0.39,2018-2019
Valencia,10.1,40.5,9.21,3.16,11.0,0.32,2018-2019
Valladolid,11.6,41.3,10.5,2.97,10.2,0.42,2018-2019
Villarreal,10.9,41.4,10.2,3.74,10.3,0.32,2018-2019
Alaves,9.11,41.2,9.58,3.00,10.3,0.18,2019-2020
Athletic Club,8.53,35.4,10.4,2.42,9.82,0.18,2019-2020
Atletico de Madrid,10.7,44.2,9.39,2.84,10.8,0.47,2019-2020
Barcelona,8.50,42.1,7.63,2.29,9.00,0.42,2019-2020
Betis,7.87,43.2,7.63,3.13,7.95,0.21,2019-2020
Celta Vigo,9.39,40.8,9.58,2.34,10.4,0.32,2019-2020
Eibar,8.89,43.5,9.03,2.13,11.3,0.21,2019-2020
Espanyol,9.58,36.7,11.7,2.53,9.47,0.45,2019-2020
Getafe,8.97,41.0,8.89,1.58,9.66,0.32,2019-2020
Granada,9.18,41.8,8.74,3.11,10.1,0.26,2019-2020
Leganes,9.39,41.6,9.37,1.92,11.0,0.18,2019-2020
Levante,7.58,38.3,8.63,2.82,8.71,0.37,2019-2020
Mallorca,8.89,37.7,9.87,3.08,9.89,0.24,2019-2020
Osasuna,9.50,43.3,9.21,2.58,11.0,0.50,2019-2020
Real Madrid,9.34,38.0,9.71,2.03,10.0,0.34,2019-2020
Real Sociedad,8.45,44.0,8.45,2.08,8.42,0.32,2019-2020
Sevilla,9.05,39.5,10.5,2.47,9.11,0.26,2019-2020
Valencia,8.18,39.4,9.39,3.42,9.47,0.32,2019-2020
Valladolid,8.61,35.6,11.4,2.95,10.3,0.34,2019-2020
Villarreal,8.50,36.2,10.1,3.05,8.92,0.32,2019-2020
Alaves,7.68,34.9,9.68,2.37,11.2,0.21,2020-2021
Athletic Club,7.08,32.6,9.16,1.95,9.05,0.24,2020-2021
Atletico de Madrid,9.66,46.9,8.82,2.18,10.2,0.18,2020-2021
Barcelona,7.71,42.9,7.84,1.84,9.50,0.42,2020-2021
Betis,8.29,37.9,9.08,1.95,11.9,0.29,2020-2021
Cadiz,8.34,40.7,9.47,2.61,11.5,0.21,2020-2021
Celta Vigo,9.68,34.3,12.0,2.34,10.7,0.32,2020-2021
Eibar,8.13,39.2,8.29,1.66,11.4,0.29,2020-2021
Elche,8.84,36.4,9.66,2.55,10.2,0.26,2020-2021
Getafe,9.26,38.9,9.95,1.39,10.3,0.11,2020-2021
Granada,7.34,39.5,7.45,3.37,10.3,0.18,2020-2021
Huesca,8.45,41.3,8.95,2.18,11.5,0.18,2020-2021
Levante,7.42,38.3,8.82,2.45,11.4,0.39,2020-2021
Osasuna,7.39,40.6,8.63,2.63,10.3,0.18,2020-2021
Real Madrid,8.37,36.1,8.95,2.18,10.5,0.32,2020-2021
Real Sociedad,8.47,41.7,7.37,2.53,8.29,0.13,2020-2021
Sevilla,7.82,36.1,8.58,2.37,9.53,0.26,2020-2021
Valencia,7.29,33.4,10.4,3.24,10.3,0.32,2020-2021
Valladolid,8.45,36.3,11.4,2.68,11.3,0.24,2020-2021
Villarreal,8.24,40.6,9.18,2.66,9.76,0.45,2020-2021
Alaves,8.53,41.1,9.87,2.79,9.89,0.18,2021-2022
Athletic Club,7.68,38.5,9.42,3.37,8.92,0.21,2021-2022
Atletico de Madrid,9.11,47.3,8.58,2.58,9.61,0.37,2021-2022
Barcelona,8.71,49.5,6.55,2.24,8.55,0.45,2021-2022
Betis,10.3,46.6,9.76,2.95,9.50,0.29,2021-2022
Cadiz,10.0,42.3,10.8,2.79,10.9,0.13,2021-2022
Celta Vigo,10.8,37.5,12.5,2.39,9.89,0.29,2021-2022
Elche,8.55,43.1,9.32,3.32,8.03,0.37,2021-2022
Espanyol,8.89,42.6,9.76,3.00,8.58,0.53,2021-2022
Getafe,9.47,41.8,9.11,2.53,10.6,0.21,2021-2022
Granada,9.03,43.4,9.42,3.42,8.58,0.21,2021-2022
Levante,8.03,38.8,9.84,2.89,9.92,0.32,2021-2022
Mallorca,8.74,45.0,7.97,3.13,9.05,0.24,2021-2022
Osasuna,8.71,42.0,9.13,3.03,9.68,0.13,2021-2022
Rayo Vallecano,9.45,40.7,10.7,2.50,9.61,0.24,2021-2022
Real Madrid,9.08,42.0,7.66,3.00,8.79,0.45,2021-2022
Real Sociedad,8.92,47.6,7.53,2.76,9.16,0.16,2021-2022
Sevilla,7.95,43.5,8.05,3.26,7.11,0.47,2021-2022
Valencia,9.58,42.7,9.39,2.45,8.92,0.21,2021-2022
Villarreal,8.21,48.1,6.50,2.87,8.66,0.42,2021-2022
Almeria,8.47,44.9,9.03,3.21,8.47,0.34,2022-2023
Athletic Club,9.71,50.2,8.42,2.50,8.16,0.37,2022-2023
Atletico de Madrid,10.7,48.8,9.24,2.71,8.00,0.24,2022-2023
Barcelona,8.53,45.6,7.13,2.16,6.66,0.45,2022-2023
Betis,11.1,48.2,9.55,2.95,9.58,0.18,2022-2023
Cadiz,10.8,47.7,9.24,3.37,7.11,0.34,2022-2023
Celta Vigo,10.9,43.6,10.0,2.21,9.68,0.13,2022-2023
Elche,9.55,46.4,8.50,3.45,8.50,0.34,2022-2023
Espanyol,9.97,50.2,7.87,3.53,8.89,0.24,2022-2023
Getafe,8.92,46.0,8.79,2.97,8.42,0.26,2022-2023
Girona,8.45,45.9,7.58,2.92,7.00,0.53,2022-2023
Mallorca,9.05,48.7,7.84,3.84,8.37,0.18,2022-2023
Osasuna,8.63,45.2,8.47,2.55,8.29,0.26,2022-2023
Rayo Vallecano,10.3,42.3,10.1,2.42,8.13,0.29,2022-2023
Real Madrid,9.29,45.8,8.05,2.76,7.79,0.13,2022-2023
Real Sociedad,10.4,46.5,8.63,2.71,7.13,0.34,2022-2023
Sevilla,9.66,47.5,8.16,3.34,8.92,0.24,2022-2023
Valencia,11.3,48.2,8.79,1.97,7.58,0.55,2022-2023
Valladolid,10.4,47.1,8.74,3.92,9.08,0.21,2022-2023
Villarreal,9.74,50.6,6.95,3.29,6.89,0.42,2022-2023
Alaves,9.13,46.1,8.92,3.08,7.34,0.13,2023-2024
Almeria,9.79,48.1,7.95,3.53,8.24,0.50,2023-2024
Athletic Club,9.53,48.0,8.68,2.79,7.32,0.11,2023-2024
Atletico de Madrid,10.5,48.7,9.05,3.00,6.74,0.21,2023-2024
Barcelona,9.55,46.5,7.37,2.55,6.76,0.45,2023-2024
Betis,11.6,52.4,8.55,2.66,9.08,0.24,2023-2024
Cadiz,10.5,46.8,10.2,3.24,7.84,0.34,2023-2024
Celta Vigo,10.1,46.5,9.32,3.05,7.82,0.24,2023-2024
Getafe,9.58,50.4,7.53,2.71,8.08,0.16,2023-2024
Girona,8.95,52.6,6.50,3.26,6.76,0.55,2023-2024
Granada,9.84,46.4,8.79,2.89,7.37,0.68,2023-2024
Las Palmas,10.4,48.2,8.63,2.58,7.39,0.37,2023-2024
Mallorca,10.2,51.8,8.34,3.45,9.61,0.26,2023-2024
Osasuna,8.18,47.0,7.21,2.84,6.92,0.42,2023-2024
Rayo Vallecano,9.79,44.4,8.89,2.76,8.11,0.32,2023-2024
Real Madrid,9.68,48.8,6.21,2.74,7.79,0.37,2023-2024
Real Sociedad,10.7,51.3,7.08,3.11,6.66,0.39,2023-2024
Sevilla,12.2,53.5,7.66,3.24,8.24,0.24,2023-2024
Valencia,9.97,50.0,8.13,2.76,8.53,0.24,2023-2024
Villarreal,9.16,48.9,7.16,3.42,8.00,0.32,2023-2024
