Equipo,PL,90 Jugados,Goles en contra,Penales concedidos,Goles de tiro libre,Goles de tiro de esquina,Goles propios,Goles esperados,PSxG/SoT,PSxG-GA,PSxG-GA/90,Pases completados (Iniciado),Pases intentados (Iniciado),Porcentaje pase (Iniciado),Pases Intentados (GK),Tiros intentados,% Lanzamiento,Promedio longitud pase,Saques de meta,% Lanzamiento (Saques),Promedio longitud saques,Cruces superados,Cruces detenidos,% Cruces detenidos,Acciones defensivas fuera del área,OPA/90,Distancia promedio defensiva,Temporada
Alaves,2,38.0,50,7,2,7,2,49.4,0.25,+1.4,+0.04,330,786,42.0,708,103,65.5,48.6,360,89.4,56.7,657,17,2.6,19,0.50,9.0,2017-2018
Athletic Club,2,38.0,49,3,3,5,3,52.0,0.28,+6.0,+0.16,407,840,48.5,1066,140,57.6,43.6,271,83.4,58.8,525,29,5.5,31,0.82,14.2,2017-2018
Atletico de Madrid,2,38.0,22,1,1,2,1,33.2,0.23,+12.2,+0.32,194,581,33.4,635,109,55.0,42.4,289,80.3,54.5,550,26,4.7,14,0.37,11.9,2017-2018
Barcelona,2,38.0,29,2,0,1,0,37.0,0.26,+8.0,+0.21,130,310,41.9,1061,197,17.6,27.9,272,45.2,41.3,411,15,3.6,41,1.08,7.7,2017-2018
Betis,3,38.0,61,3,0,7,4,48.1,0.29,-8.9,-0.24,199,577,34.5,1239,163,32.4,34.5,312,56.4,43.3,584,25,4.3,29,0.76,10.4,2017-2018
Celta Vigo,3,38.0,60,4,0,8,1,49.5,0.29,-9.5,-0.25,247,700,35.3,1154,124,43.4,36.3,280,71.1,53.1,539,14,2.6,38,1.00,14.1,2017-2018
Eibar,3,38.0,50,4,2,3,3,47.8,0.34,+0.8,+0.02,359,957,37.5,992,96,73.5,52.4,239,95.4,69.5,379,23,6.1,100,2.63,21.4,2017-2018
Espanyol,2,38.0,42,4,1,5,2,47.2,0.26,+7.2,+0.19,237,673,35.2,756,172,52.1,39.3,329,84.8,57.2,568,31,5.5,24,0.63,11.3,2017-2018
Getafe,2,38.0,33,2,0,3,0,42.3,0.31,+9.3,+0.24,292,925,31.6,813,80,74.2,52.5,332,97.0,64.3,549,25,4.6,37,0.97,9.9,2017-2018
Girona,2,38.0,59,4,3,2,3,57.8,0.32,+1.8,+0.05,289,797,36.3,828,133,64.4,43.7,296,89.2,60.2,488,14,2.9,43,1.13,15.3,2017-2018
Deportivo de La Coruna,5,38.0,76,4,4,11,3,62.3,0.33,-10.7,-0.28,236,599,39.4,668,148,53.6,39.4,330,73.0,53.4,600,30,5.0,13,0.34,11.0,2017-2018
Las Palmas,2,38.0,74,5,1,7,1,73.7,0.33,+0.7,+0.02,198,559,35.4,1195,239,32.2,28.8,324,53.7,45.8,533,30,5.6,66,1.74,13.8,2017-2018
Leganés,3,38.0,51,6,4,4,0,51.8,0.30,+0.8,+0.02,338,963,35.1,922,94,74.7,46.3,285,96.1,63.6,511,31,6.1,49,1.29,16.0,2017-2018
Levante,3,38.0,58,5,1,8,3,57.9,0.29,+2.9,+0.08,280,745,37.6,748,113,62.4,44.1,330,84.2,56.4,601,30,5.0,42,1.11,14.7,2017-2018
Málaga,2,38.0,61,6,1,3,0,66.6,0.36,+5.6,+0.15,308,822,37.5,791,91,67.0,48.6,314,93.0,60.9,537,29,5.4,20,0.53,11.1,2017-2018
Real Madrid,3,38.0,44,2,0,7,2,45.4,0.30,+3.4,+0.09,105,277,37.9,756,184,20.2,31.0,243,51.0,44.3,434,18,4.1,36,0.95,13.3,2017-2018
Real Sociedad,3,38.0,59,6,2,7,1,52.7,0.30,-5.3,-0.14,234,559,41.9,1356,149,30.8,35.1,246,57.7,43.8,470,28,6.0,49,1.29,14.8,2017-2018
Sevilla,2,38.0,58,5,1,6,1,51.7,0.32,-5.3,-0.14,165,455,36.3,754,188,35.1,33.6,290,65.5,49.1,548,30,5.5,26,0.68,12.0,2017-2018
Valencia,2,38.0,38,3,1,5,0,50.7,0.28,+12.7,+0.33,188,536,35.1,647,181,45.7,39.7,311,77.2,55.8,622,23,3.7,10,0.26,9.6,2017-2018
Villarreal,3,38.0,50,5,1,6,0,50.8,0.28,+0.8,+0.02,180,532,33.8,726,184,39.3,32.0,332,74.4,52.8,687,31,4.5,36,0.95,16.1,2017-2018
Alaves,2,38.0,50,6,3,2,2,52.6,0.29,+4.6,+0.12,325,794,40.9,805,98,61.6,48.9,337,88.4,57.0,632,21,3.3,42,1.11,8.6,2018-2019
Athletic Club,2,38.0,45,5,0,6,0,42.8,0.32,-2.2,-0.06,358,825,43.4,901,123,64.9,36.7,264,90.9,62.7,508,22,4.3,36,0.95,11.1,2018-2019
Atletico de Madrid,2,38.0,29,5,0,4,2,42.3,0.28,+15.3,+0.40,220,596,36.9,583,104,56.6,33.3,302,88.1,57.2,555,22,4.0,16,0.42,,2018-2019
Barcelona,2,38.0,36,2,0,2,1,40.4,0.30,+5.4,+0.14,125,244,51.2,970,211,15.7,27.3,224,41.1,37.8,440,8,1.8,38,1.00,16.2,2018-2019
Betis,2,38.0,52,4,2,8,0,51.5,0.31,-0.5,-0.01,128,337,38.0,1153,195,20.3,30.6,276,37.3,36.8,466,25,5.4,58,1.53,18.7,2018-2019
Celta Vigo,2,38.0,62,6,4,5,1,59.7,0.32,-1.3,-0.03,257,669,38.4,925,161,44.3,38.0,348,74.4,55.1,581,20,3.4,37,0.97,15.6,2018-2019
Eibar,2,38.0,50,3,2,3,1,44.1,0.31,-4.9,-0.13,325,855,38.0,912,108,69.4,44.6,235,94.5,66.5,403,20,5.0,84,2.21,18.1,2018-2019
Espanyol,1,38.0,50,6,5,7,2,51.8,0.27,+3.8,+0.10,226,562,40.2,868,133,39.9,35.4,333,64.9,47.6,674,24,3.6,19,0.50,12.3,2018-2019
Getafe,2,38.0,35,4,1,2,2,40.1,0.26,+7.1,+0.19,359,963,37.3,832,52,83.5,50.3,282,95.0,59.3,475,20,4.2,38,1.00,15.5,2018-2019
Girona,2,38.0,53,8,2,6,2,61.0,0.27,+10.0,+0.26,223,578,38.6,896,177,40.5,38.2,328,65.5,48.4,554,19,3.4,27,0.71,9.6,2018-2019
Huesca,3,38.0,65,9,2,1,3,61.5,0.31,-0.5,-0.01,332,851,39.0,782,75,71.9,51.2,310,93.2,61.9,525,7,1.3,12,0.32,11.6,2018-2019
Leganés,2,38.0,43,3,2,3,1,43.2,0.30,+1.2,+0.03,344,834,41.2,894,112,63.0,39.8,307,88.3,60.3,585,28,4.8,30,0.79,15.7,2018-2019
Levante,3,38.0,66,8,1,6,2,68.9,0.27,+4.9,+0.13,207,577,35.9,662,184,48.2,40.5,394,65.5,47.8,595,19,3.2,32,0.84,11.8,2018-2019
Rayo Vallecano,2,38.0,70,7,0,10,1,65.8,0.30,-3.2,-0.08,240,581,41.3,887,197,44.2,37.2,306,61.8,46.5,574,13,2.3,35,0.92,15.5,2018-2019
Real Madrid,3,38.0,46,6,0,6,0,47.9,0.31,+1.9,+0.05,126,363,34.7,923,233,27.1,32.3,256,44.1,42.5,400,26,6.5,38,1.00,14.2,2018-2019
Real Sociedad,2,38.0,46,2,1,11,2,39.9,0.27,-4.1,-0.11,218,556,39.2,1156,142,31.2,31.5,295,66.1,47.7,590,28,4.7,52,1.37,17.8,2018-2019
Sevilla,3,38.0,47,6,2,4,0,50.3,0.28,+3.3,+0.09,191,630,30.3,875,216,45.8,40.2,294,77.9,55.3,539,30,5.6,30,0.79,20.7,2018-2019
Valencia,2,38.0,35,7,2,6,2,42.4,0.23,+9.4,+0.25,186,548,33.9,635,176,46.6,35.1,305,82.6,57.1,620,14,2.3,18,0.47,12.5,2018-2019
Valladolid,2,38.0,51,6,1,8,1,53.2,0.29,+3.2,+0.08,269,842,31.9,900,172,59.1,42.4,347,89.3,60.6,614,20,3.3,14,0.37,11.2,2018-2019
Villarreal,2,38.0,52,3,2,5,3,55.8,0.28,+6.8,+0.18,227,532,42.7,708,154,45.9,39.2,303,68.3,50.6,677,23,3.4,36,0.95,11.8,2018-2019
Alaves,3,38.0,59,12,3,3,0,56.6,0.27,-2.4,-0.06,375,828,45.3,783,103,66.0,46.1,344,90.4,58.6,527,12,2.3,15,0.39,9.1,2019-2020
Athletic Club,2,38.0,38,5,2,2,2,39.8,0.28,+3.8,+0.10,345,817,42.2,976,172,56.5,41.4,298,89.3,60.9,547,26,4.8,20,0.53,10.0,2019-2020
Atletico de Madrid,2,38.0,27,3,1,4,3,29.8,0.24,+5.8,+0.15,233,592,39.4,637,112,56.4,30.2,320,72.8,50.0,533,12,2.3,12,0.32,,2019-2020
Barcelona,2,38.0,38,6,2,1,0,36.5,0.26,-1.5,-0.04,127,249,51.0,1237,182,15.4,25.7,254,22.8,27.8,401,19,4.7,43,1.13,15.2,2019-2020
Betis,2,38.0,60,11,1,4,1,54.8,0.29,-4.2,-0.11,158,464,34.1,1045,171,34.1,33.0,284,38.0,35.5,524,12,2.3,59,1.55,17.8,2019-2020
Celta Vigo,3,38.0,49,5,3,3,0,45.8,0.28,-3.2,-0.08,202,576,35.1,784,136,44.5,30.1,339,67.0,49.1,604,20,3.3,16,0.42,16.0,2019-2020
Eibar,2,38.0,56,4,2,3,1,52.2,0.35,-2.8,-0.07,297,896,33.1,882,93,72.3,51.6,268,96.3,70.6,471,26,5.5,77,2.03,17.9,2019-2020
Espanyol,2,38.0,58,6,0,4,2,54.4,0.31,-1.6,-0.04,228,688,33.1,895,133,52.5,31.1,316,69.0,49.6,495,29,5.9,51,1.35,7.8,2019-2020
Getafe,1,38.0,37,5,0,2,2,38.3,0.30,+3.3,+0.09,359,970,37.0,880,46,83.4,52.7,259,91.1,58.5,383,20,5.2,69,1.82,18.1,2019-2020
Granada,2,38.0,45,4,1,5,0,45.9,0.27,+0.9,+0.02,329,899,36.6,1074,137,60.1,43.1,325,78.2,55.1,538,27,5.0,68,1.79,16.6,2019-2020
Leganés,2,38.0,51,6,2,7,1,46.5,0.29,-3.5,-0.09,260,774,33.6,828,165,62.1,46.1,292,89.0,62.5,513,18,3.5,42,1.11,16.2,2019-2020
Levante,2,38.0,53,3,1,9,2,54.3,0.23,+3.3,+0.09,179,515,34.8,813,206,43.2,36.7,354,46.3,39.4,636,20,3.1,49,1.29,16.1,2019-2020
Mallorca,3,38.0,65,15,2,7,1,63.8,0.26,-0.2,-0.01,253,670,37.8,932,185,51.9,38.0,320,58.1,47.8,539,26,4.8,28,0.74,8.3,2019-2020
Osasuna,3,38.0,54,5,3,5,0,51.1,0.33,-2.9,-0.08,289,858,33.7,885,144,67.2,44.6,306,85.9,58.4,488,21,4.3,47,1.24,18.2,2019-2020
Real Madrid,2,38.0,25,2,0,5,0,30.8,0.26,+5.8,+0.15,90,312,28.8,970,227,22.7,30.6,246,37.4,38.2,460,23,5.0,37,0.97,14.5,2019-2020
Real Sociedad,2,38.0,48,7,2,4,1,45.4,0.26,-1.6,-0.04,220,509,43.2,1128,133,30.1,30.3,246,69.1,48.0,447,13,2.9,65,1.71,17.7,2019-2020
Sevilla,2,38.0,34,3,3,2,1,32.3,0.24,-0.7,-0.02,179,450,39.8,813,179,34.9,34.2,281,59.1,45.5,478,19,4.0,29,0.76,15.0,2019-2020
Valencia,2,38.0,53,7,3,4,1,50.2,0.22,-1.8,-0.05,211,599,35.2,878,201,41.3,34.2,337,70.0,50.3,619,12,1.9,19,0.50,10.8,2019-2020
Valladolid,3,38.0,43,7,2,5,0,48.0,0.29,+5.0,+0.13,258,793,32.5,789,130,63.1,49.5,365,80.8,56.1,590,15,2.5,18,0.47,,2019-2020
Villarreal,2,38.0,49,8,0,10,2,45.2,0.22,-1.8,-0.05,146,442,33.0,858,173,32.3,28.0,329,50.2,40.5,648,19,2.9,27,0.71,10.2,2019-2020
Alaves,2,38.0,57,3,0,5,0,51.1,0.35,-5.9,-0.15,309,615,50.2,792,116,53.7,40.3,306,62.1,44.8,545,19,3.5,37,0.97,14.5,2020-2021
Athletic Club,2,38.0,42,5,1,6,1,37.4,0.29,-3.6,-0.09,206,493,41.8,817,210,36.5,35.2,270,72.2,52.2,555,24,4.3,36,0.95,15.1,2020-2021
Atletico de Madrid,1,38.0,25,1,0,5,3,33.1,0.25,+11.1,+0.29,202,539,37.5,709,131,49.6,39.1,294,63.6,45.9,513,14,2.7,27,0.71,15.7,2020-2021
Barcelona,2,38.0,38,5,1,5,2,36.0,0.24,0.0,0.00,92,207,44.4,1068,193,14.8,24.8,215,22.8,29.3,369,19,5.1,40,1.05,13.9,2020-2021
Betis,2,38.0,50,8,1,4,3,46.8,0.28,-0.2,0.00,212,606,35.0,953,163,48.1,37.8,250,59.2,45.1,505,20,4.0,48,1.26,19.0,2020-2021
Cádiz,3,38.0,58,9,2,4,1,53.8,0.30,-3.2,-0.09,396,998,39.7,846,72,78.7,54.1,349,95.1,65.0,606,33,5.4,26,0.68,27.0,2020-2021
Celta Vigo,2,38.0,57,7,2,4,1,49.7,0.32,-6.3,-0.17,194,607,32.0,1025,156,40.0,32.7,315,62.5,46.6,553,10,1.8,45,1.18,15.7,2020-2021
Eibar,2,38.0,52,3,0,5,0,47.5,0.33,-4.5,-0.12,340,847,40.1,938,124,65.9,40.2,250,91.6,68.4,406,14,3.4,63,1.66,24.3,2020-2021
Elche,2,38.0,55,6,0,6,1,58.8,0.32,+4.8,+0.13,267,604,44.2,1039,168,36.6,45.0,353,63.5,45.3,537,10,1.9,34,0.89,12.4,2020-2021
Getafe,2,38.0,43,7,0,3,3,39.7,0.29,-0.3,-0.01,370,913,40.5,863,48,80.1,51.7,263,84.4,55.4,444,17,3.8,50,1.32,18.5,2020-2021
Granada,3,38.0,65,6,2,4,1,61.9,0.31,-2.1,-0.05,310,848,36.6,944,79,62.6,46.5,316,81.3,56.1,546,12,2.2,62,1.63,18.0,2020-2021
Huesca,2,38.0,53,5,1,10,2,48.2,0.29,-2.8,-0.07,188,508,37.0,1077,187,35.7,34.2,298,41.6,38.3,539,16,3.0,34,0.89,13.4,2020-2021
Levante,3,38.0,57,3,1,6,2,50.0,0.29,-5.0,-0.13,136,382,35.6,936,197,32.4,32.2,282,28.0,29.6,533,8,1.5,71,1.87,18.2,2020-2021
Osasuna,3,38.0,48,5,0,5,2,47.0,0.30,+1.0,+0.03,441,996,44.3,995,92,71.5,48.0,302,94.4,61.3,600,30,5.0,76,2.00,17.5,2020-2021
Real Madrid,1,38.0,28,7,0,3,1,32.7,0.22,+5.7,+0.15,89,300,29.7,1086,243,20.6,29.6,235,32.3,36.6,472,26,5.5,44,1.16,15.7,2020-2021
Real Sociedad,1,38.0,38,3,0,4,1,35.0,0.30,-2.0,-0.05,204,520,39.2,998,132,38.2,35.1,217,64.1,49.7,415,9,2.2,47,1.24,17.3,2020-2021
Sevilla,2,38.0,33,4,0,4,2,33.5,0.24,+2.5,+0.07,183,418,43.8,1012,169,29.8,29.2,228,50.9,39.7,512,30,5.9,36,0.95,11.2,2020-2021
Valencia,2,38.0,53,5,3,5,2,48.2,0.24,-2.8,-0.07,291,664,43.8,871,145,49.1,36.6,338,69.8,50.4,655,11,1.7,31,0.82,13.4,2020-2021
Valladolid,2,38.0,57,6,1,5,0,53.4,0.30,-3.6,-0.10,251,810,31.0,877,133,61.1,43.2,332,82.5,58.3,578,7,1.2,28,0.74,14.9,2020-2021
Villarreal,2,38.0,44,7,0,3,2,38.7,0.25,-3.3,-0.09,167,431,38.7,1098,208,26.0,30.2,304,48.0,40.5,597,28,4.7,32,0.84,13.9,2020-2021
Alaves,3,38.0,65,6,0,10,0,58.5,0.30,-6.5,-0.17,369,783,47.1,808,96,64.6,53.3,351,74.4,50.9,619,26,4.2,48,1.26,17.6,2021-2022
Athletic Club,2,38.0,36,3,0,2,1,36.9,0.26,+1.9,+0.05,158,402,39.3,748,201,35.4,33.8,269,50.9,41.7,577,30,5.2,41,1.08,15.2,2021-2022
Atletico de Madrid,1,38.0,43,7,2,4,3,32.3,0.23,-7.7,-0.20,170,598,28.4,810,155,49.9,39.0,283,68.6,48.6,477,27,5.7,29,0.76,13.8,2021-2022
Barcelona,2,38.0,38,2,1,7,0,34.1,0.26,-3.9,-0.10,147,289,50.9,1167,165,18.8,26.9,240,29.2,32.3,384,15,3.9,38,1.00,15.3,2021-2022
Betis,2,38.0,40,3,0,3,2,39.1,0.27,+1.1,+0.03,201,547,36.7,962,157,41.4,33.1,275,54.2,43.9,592,24,4.1,41,1.08,15.7,2021-2022
Cádiz,1,38.0,51,11,0,10,0,52.8,0.24,+1.8,+0.05,272,792,34.3,840,119,63.3,46.0,313,83.1,60.2,586,42,7.2,28,0.74,12.1,2021-2022
Celta Vigo,1,38.0,43,4,0,1,2,43.3,0.27,+2.3,+0.06,303,804,37.7,1176,131,51.3,40.3,283,71.0,52.4,452,36,8.0,37,0.97,14.3,2021-2022
Elche,2,38.0,52,7,0,6,0,54.5,0.27,+2.5,+0.07,257,626,41.1,966,183,42.1,36.4,346,63.3,45.9,616,25,4.1,56,1.47,15.2,2021-2022
Espanyol,3,38.0,53,4,0,4,2,53.6,0.30,+2.6,+0.07,171,466,36.7,897,221,35.1,33.8,337,44.8,36.9,662,38,5.7,48,1.26,13.7,2021-2022
Getafe,2,38.0,41,2,0,5,1,40.9,0.29,+0.9,+0.02,366,869,42.1,892,101,69.5,61.0,294,84.7,54.2,576,26,4.5,45,1.18,5.0,2021-2022
Granada,2,38.0,61,7,0,7,2,60.2,0.27,+1.2,+0.03,267,818,32.6,922,162,57.7,44.0,380,75.3,52.0,615,32,5.2,64,1.68,16.1,2021-2022
Levante,4,38.0,76,5,1,13,0,65.9,0.30,-10.1,-0.27,155,460,33.7,821,151,42.1,36.6,309,36.9,34.6,532,19,3.6,47,1.24,15.6,2021-2022
Mallorca,4,38.0,63,6,1,5,4,53.8,0.30,-5.2,-0.14,244,595,41.0,787,130,52.4,39.4,312,58.7,43.5,576,17,3.0,20,0.53,12.6,2021-2022
Osasuna,2,38.0,51,4,0,11,2,49.1,0.29,+0.1,0.00,396,876,45.2,884,84,68.6,46.5,315,85.7,58.5,546,24,4.4,71,1.87,18.1,2021-2022
Rayo Vallecano,2,38.0,50,7,0,4,1,49.7,0.25,+0.7,+0.02,224,648,34.6,889,193,50.6,42.1,283,70.0,52.2,495,44,8.9,41,1.08,13.9,2021-2022
Real Madrid,2,38.0,31,3,1,2,0,37.0,0.25,+6.0,+0.16,79,261,30.3,926,201,21.0,28.8,289,23.2,28.2,506,24,4.7,31,0.82,15.5,2021-2022
Real Sociedad,2,38.0,37,5,1,8,0,35.5,0.24,-1.5,-0.04,211,521,40.5,1094,139,34.1,32.9,269,55.0,44.0,522,21,4.0,51,1.34,16.4,2021-2022
Sevilla,3,38.0,30,2,2,6,0,31.3,0.24,+1.3,+0.03,181,446,40.6,1051,145,29.0,29.1,277,50.9,40.6,503,32,6.4,36,0.95,13.7,2021-2022
Valencia,3,38.0,53,7,0,7,3,54.1,0.29,+4.1,+0.11,248,623,39.8,749,140,55.3,39.8,298,70.1,50.4,534,20,3.7,45,1.18,16.0,2021-2022
Villarreal,2,38.0,37,4,0,3,1,37.1,0.26,+1.1,+0.03,146,385,37.9,1232,199,23.1,28.0,281,35.9,35.3,583,25,4.3,66,1.74,16.8,2021-2022
Almería,3,38.0,65,4,1,5,1,63.4,0.29,-0.6,-0.01,204,572,35.7,990,220,39.2,40.2,356,51.7,42.6,642,40,6.2,28,0.74,14.5,2022-2023
Athletic Club,2,38.0,43,3,1,1,3,37.2,0.29,-2.8,-0.07,171,452,37.8,925,187,30.9,33.2,264,62.9,48.3,451,29,6.4,50,1.32,17.5,2022-2023
Atletico de Madrid,3,38.0,33,4,1,5,0,36.3,0.26,+3.3,+0.09,166,525,31.6,812,165,39.8,34.1,334,60.5,46.3,575,48,8.3,26,0.68,9.2,2022-2023
Barcelona,2,38.0,20,3,0,2,3,25.1,0.22,+8.1,+0.21,169,338,50.0,1216,190,22.3,28.9,223,30.0,32.5,375,18,4.8,43,1.13,16.4,2022-2023
Betis,2,38.0,41,3,1,7,1,44.0,0.29,+4.0,+0.10,229,635,36.1,956,149,44.0,39.6,315,67.9,49.1,582,22,3.8,43,1.13,12.1,2022-2023
Cádiz,2,38.0,53,9,1,7,0,53.4,0.22,+0.4,+0.01,270,829,32.6,916,150,59.1,46.4,322,89.4,64.2,651,44,6.8,30,0.79,13.6,2022-2023
Celta Vigo,2,38.0,53,5,1,10,1,42.9,0.27,-9.1,-0.24,184,506,36.4,934,171,37.5,35.3,289,54.0,43.9,509,22,4.3,39,1.03,18.1,2022-2023
Elche,2,38.0,67,7,0,6,2,71.9,0.31,+6.9,+0.18,195,442,44.1,819,175,33.8,34.9,318,51.9,40.9,600,22,3.7,21,0.55,14.0,2022-2023
Espanyol,4,38.0,69,5,1,9,2,54.5,0.27,-12.5,-0.33,305,659,46.3,865,122,49.7,36.2,347,66.0,48.0,557,27,4.8,46,1.21,13.8,2022-2023
Getafe,1,38.0,45,4,0,7,2,45.5,0.23,+2.5,+0.07,409,904,45.2,782,99,75.1,49.8,347,91.4,59.8,586,36,6.1,46,1.21,15.0,2022-2023
Girona,2,38.0,55,6,2,5,0,62.0,0.33,+7.0,+0.18,169,464,36.4,1075,192,28.4,32.4,329,48.3,41.9,597,43,7.2,59,1.55,15.1,2022-2023
Mallorca,3,38.0,43,6,0,3,0,41.5,0.24,-1.5,-0.04,351,841,41.7,950,130,61.9,54.9,338,74.9,54.0,657,35,5.3,21,0.55,4.0,2022-2023
Osasuna,2,38.0,42,1,1,3,2,39.1,0.26,-0.9,-0.02,342,789,43.3,1084,145,53.4,41.1,315,66.7,50.8,534,30,5.6,57,1.50,16.3,2022-2023
Rayo Vallecano,2,38.0,53,4,0,11,4,45.9,0.30,-3.1,-0.08,154,545,28.3,834,204,44.5,38.6,310,56.1,46.5,512,24,4.7,54,1.42,16.1,2022-2023
Real Madrid,2,38.0,36,4,0,2,1,34.2,0.22,-0.8,-0.02,97,241,40.2,1108,230,17.7,23.3,253,17.8,25.0,420,33,7.9,51,1.34,21.7,2022-2023
Real Sociedad,1,38.0,35,1,1,3,2,32.8,0.24,-0.2,0.00,244,572,42.7,1062,138,40.9,35.9,244,56.6,46.2,453,18,4.0,47,1.24,15.9,2022-2023
Sevilla,2,38.0,54,2,1,5,3,49.5,0.30,-1.5,-0.04,218,629,34.7,1143,136,38.0,44.0,307,63.5,49.3,524,32,6.1,49,1.29,12.2,2022-2023
Valencia,1,38.0,45,2,0,7,2,42.9,0.28,-0.1,0.00,177,522,33.9,806,142,42.7,35.1,276,64.5,48.1,457,35,7.7,47,1.24,16.3,2022-2023
Valladolid,3,38.0,63,6,1,0,1,62.6,0.28,+0.6,+0.02,192,553,34.7,963,170,38.3,35.8,358,51.4,41.9,563,20,3.6,33,0.87,16.1,2022-2023
Villarreal,3,38.0,40,4,0,4,1,43.7,0.27,+4.7,+0.12,114,330,34.5,1159,191,21.7,28.8,293,26.6,29.1,548,37,6.8,45,1.18,15.5,2022-2023
Alaves,2,38.0,46,8,0,4,2,44.8,0.25,+0.8,+0.02,315,778,40.5,886,125,62.2,41.7,335,67.8,48.4,530,29,5.5,37,0.97,15.2,2023-2024
Almería,3,38.0,75,6,0,8,0,70.3,0.32,-4.7,-0.12,181,615,29.4,1115,180,39.5,35.5,330,53.0,41.7,629,29,4.6,47,1.24,14.5,2023-2024
Athletic Club,2,38.0,37,1,0,2,4,40.4,0.28,+7.4,+0.20,238,728,32.7,1050,164,48.0,32.4,272,82.4,59.3,491,33,6.7,49,1.29,15.3,2023-2024
Atletico de Madrid,1,38.0,43,1,0,3,0,39.8,0.28,-3.2,-0.08,114,336,33.9,725,180,27.2,31.5,298,46.6,39.0,579,36,6.2,22,0.58,11.8,2023-2024
Barcelona,2,38.0,44,2,0,1,0,41.6,0.28,-2.4,-0.06,113,216,52.3,1076,161,14.7,26.3,255,22.7,27.9,450,15,3.3,36,0.95,15.6,2023-2024
Betis,3,38.0,45,7,3,3,3,47.5,0.26,+5.5,+0.15,180,510,35.3,1022,167,35.2,30.6,279,53.8,42.6,541,38,7.0,42,1.11,12.6,2023-2024
Cádiz,2,38.0,55,2,0,6,1,51.7,0.30,-2.3,-0.06,364,910,40.0,991,123,62.8,49.3,342,84.2,60.7,617,60,9.7,45,1.18,7.0,2023-2024
Celta Vigo,2,38.0,57,6,0,7,3,56.0,0.31,+2.0,+0.05,176,494,35.6,811,182,38.3,35.5,312,58.7,45.4,556,28,5.0,36,0.95,13.3,2023-2024
Getafe,2,38.0,54,5,0,7,0,55.2,0.29,+1.2,+0.03,341,915,37.3,977,124,66.6,39.2,322,82.0,56.2,463,18,3.9,62,1.63,10.7,2023-2024
Girona,1,38.0,46,5,0,8,0,51.1,0.28,+5.1,+0.13,155,420,36.9,1074,178,27.1,30.0,312,41.3,37.9,534,41,7.7,33,0.87,13.2,2023-2024
Granada,4,38.0,79,5,0,12,2,70.2,0.33,-6.8,-0.18,231,626,36.9,1096,185,40.1,32.2,293,63.8,47.9,536,33,6.2,52,1.37,12.6,2023-2024
Las Palmas,2,38.0,47,5,0,5,3,51.2,0.29,+7.2,+0.19,146,473,30.9,1733,204,23.3,27.3,265,26.4,27.1,545,30,5.5,100,2.63,17.8,2023-2024
Mallorca,3,38.0,44,4,1,4,1,43.6,0.26,+0.6,+0.02,333,824,40.4,981,128,61.0,33.0,332,68.1,51.3,520,34,6.5,29,0.76,7.0,2023-2024
Osasuna,2,38.0,56,1,0,8,0,51.8,0.33,-4.2,-0.11,329,771,42.7,1071,119,55.2,40.4,308,58.4,43.4,537,30,5.6,58,1.53,16.4,2023-2024
Rayo Vallecano,2,38.0,48,1,1,5,2,47.8,0.31,+1.8,+0.05,170,613,27.7,915,176,46.3,36.3,320,59.1,47.8,534,23,4.3,40,1.05,17.0,2023-2024
Real Madrid,3,38.0,26,1,0,2,1,34.4,0.29,+9.4,+0.25,79,210,37.6,952,177,17.1,27.0,291,16.2,24.3,487,35,7.2,38,1.00,14.7,2023-2024
Real Sociedad,2,38.0,39,6,0,5,1,40.8,0.27,+2.8,+0.07,192,465,41.3,1099,116,31.8,37.0,199,58.3,45.6,410,19,4.6,58,1.53,20.1,2023-2024
Sevilla,3,38.0,54,5,1,4,2,53.5,0.28,+1.5,+0.04,224,613,36.5,920,182,43.8,32.7,288,72.9,53.4,520,31,6.0,32,0.84,15.4,2023-2024
Valencia,3,38.0,45,3,1,7,2,51.4,0.29,+8.4,+0.22,191,696,27.4,883,148,58.2,41.4,275,66.2,49.9,561,46,8.2,32,0.84,12.3,2023-2024
Villarreal,2,38.0,65,6,1,9,1,61.7,0.27,-2.3,-0.06,150,378,39.7,1015,190,26.8,30.2,354,29.9,29.8,688,35,5.1,36,0.95,5.3,2023-2024
