Equipo,PL,90 Jugados,ACT,SCA90,PassLiveSCA,PassDeadSCA,TakeOnsSCA,ShotsSCA,FouledSCA,DefenseSCA,ACG,GCA90,PassLiveGCA,PassDeadGCA,TakeOnsGCA,ShotsGCA,FouledGCA,DefenseGCA,Temporada
Almería,28,38.0,,,,,,,,,,,,,,,,,2013-2014
Athletic Club,24,38.0,,,,,,,,,,,,,,,,,2013-2014
Atlético Madrid,25,38.0,,,,,,,,,,,,,,,,,2013-2014
Barcelona,25,38.0,,,,,,,,,,,,,,,,,2013-2014
Betis,33,38.0,,,,,,,,,,,,,,,,,2013-2014
Celta Vigo,26,38.0,,,,,,,,,,,,,,,,,2013-2014
Elche,28,38.0,,,,,,,,,,,,,,,,,2013-2014
Espanyol,24,38.0,,,,,,,,,,,,,,,,,2013-2014
Getafe,28,38.0,,,,,,,,,,,,,,,,,2013-2014
Granada,26,38.0,,,,,,,,,,,,,,,,,2013-2014
Levante,28,38.0,,,,,,,,,,,,,,,,,2013-2014
Málaga,28,38.0,,,,,,,,,,,,,,,,,2013-2014
Osasuna,25,38.0,,,,,,,,,,,,,,,,,2013-2014
Rayo Vallecano,30,38.0,,,,,,,,,,,,,,,,,2013-2014
Real Madrid,25,38.0,,,,,,,,,,,,,,,,,2013-2014
Real Sociedad,27,38.0,,,,,,,,,,,,,,,,,2013-2014
Sevilla,31,38.0,,,,,,,,,,,,,,,,,2013-2014
Valencia,31,38.0,,,,,,,,,,,,,,,,,2013-2014
Valladolid,25,38.0,,,,,,,,,,,,,,,,,2013-2014
Villarreal,25,38.0,,,,,,,,,,,,,,,,,2013-2014
Almería,27,38.0,,,,,,,,,,,,,,,,,2014-2015
Athletic Club,26,38.0,,,,,,,,,,,,,,,,,2014-2015
Atlético Madrid,25,38.0,,,,,,,,,,,,,,,,,2014-2015
Barcelona,24,38.0,,,,,,,,,,,,,,,,,2014-2015
Celta Vigo,23,38.0,,,,,,,,,,,,,,,,,2014-2015
Córdoba,33,38.0,,,,,,,,,,,,,,,,,2014-2015
Eibar,23,38.0,,,,,,,,,,,,,,,,,2014-2015
Elche,24,38.0,,,,,,,,,,,,,,,,,2014-2015
Espanyol,27,38.0,,,,,,,,,,,,,,,,,2014-2015
Getafe,27,38.0,,,,,,,,,,,,,,,,,2014-2015
Granada,34,38.0,,,,,,,,,,,,,,,,,2014-2015
La Coruña,27,38.0,,,,,,,,,,,,,,,,,2014-2015
Levante,29,38.0,,,,,,,,,,,,,,,,,2014-2015
Málaga,23,38.0,,,,,,,,,,,,,,,,,2014-2015
Rayo Vallecano,28,38.0,,,,,,,,,,,,,,,,,2014-2015
Real Madrid,24,38.0,,,,,,,,,,,,,,,,,2014-2015
Real Sociedad,25,38.0,,,,,,,,,,,,,,,,,2014-2015
Sevilla,26,38.0,,,,,,,,,,,,,,,,,2014-2015
Valencia,24,38.0,,,,,,,,,,,,,,,,,2014-2015
Villarreal,28,38.0,,,,,,,,,,,,,,,,,2014-2015
Athletic Club,25,38.0,,,,,,,,,,,,,,,,,2015-2016
Atlético Madrid,25,38.0,,,,,,,,,,,,,,,,,2015-2016
Barcelona,25,38.0,,,,,,,,,,,,,,,,,2015-2016
Betis,29,38.0,,,,,,,,,,,,,,,,,2015-2016
Celta Vigo,27,38.0,,,,,,,,,,,,,,,,,2015-2016
Eibar,28,38.0,,,,,,,,,,,,,,,,,2015-2016
Espanyol,26,38.0,,,,,,,,,,,,,,,,,2015-2016
Getafe,27,38.0,,,,,,,,,,,,,,,,,2015-2016
Granada,28,38.0,,,,,,,,,,,,,,,,,2015-2016
La Coruña,25,38.0,,,,,,,,,,,,,,,,,2015-2016
Las Palmas,27,38.0,,,,,,,,,,,,,,,,,2015-2016
Levante,27,38.0,,,,,,,,,,,,,,,,,2015-2016
Málaga,30,38.0,,,,,,,,,,,,,,,,,2015-2016
Rayo Vallecano,29,38.0,,,,,,,,,,,,,,,,,2015-2016
Real Madrid,24,38.0,,,,,,,,,,,,,,,,,2015-2016
Real Sociedad,27,38.0,,,,,,,,,,,,,,,,,2015-2016
Sevilla,33,38.0,,,,,,,,,,,,,,,,,2015-2016
Sporting Gijón,28,38.0,,,,,,,,,,,,,,,,,2015-2016
Valencia,30,38.0,,,,,,,,,,,,,,,,,2015-2016
Villarreal,26,38.0,,,,,,,,,,,,,,,,,2015-2016
Alavés,25,38.0,,,,,,,,,,,,,,,,,2016-2017
Athletic Club,25,38.0,,,,,,,,,,,,,,,,,2016-2017
Atlético Madrid,22,38.0,,,,,,,,,,,,,,,,,2016-2017
Barcelona,25,38.0,,,,,,,,,,,,,,,,,2016-2017
Betis,27,38.0,,,,,,,,,,,,,,,,,2016-2017
Celta Vigo,27,38.0,,,,,,,,,,,,,,,,,2016-2017
Eibar,24,38.0,,,,,,,,,,,,,,,,,2016-2017
Espanyol,27,38.0,,,,,,,,,,,,,,,,,2016-2017
Granada,35,38.0,,,,,,,,,,,,,,,,,2016-2017
La Coruña,28,38.0,,,,,,,,,,,,,,,,,2016-2017
Las Palmas,29,38.0,,,,,,,,,,,,,,,,,2016-2017
Leganés,31,38.0,,,,,,,,,,,,,,,,,2016-2017
Málaga,29,38.0,,,,,,,,,,,,,,,,,2016-2017
Osasuna,35,38.0,,,,,,,,,,,,,,,,,2016-2017
Real Madrid,24,38.0,,,,,,,,,,,,,,,,,2016-2017
Real Sociedad,27,38.0,,,,,,,,,,,,,,,,,2016-2017
Sevilla,28,38.0,,,,,,,,,,,,,,,,,2016-2017
Sporting Gijón,29,38.0,,,,,,,,,,,,,,,,,2016-2017
Valencia,31,38.0,,,,,,,,,,,,,,,,,2016-2017
Villarreal,27,38.0,,,,,,,,,,,,,,,,,2016-2017
Alavés,30,38.0,665,17.50,439,70,49,31,61,15,71,1.87,52,4,7,4,4,0,2017-2018
Athletic Club,26,38.0,741,19.50,501,95,36,41,52,16,68,1.79,45,4,2,10,7,0,2017-2018
Atlético Madrid,26,38.0,701,18.45,472,73,65,29,45,17,104,2.74,70,2,14,7,7,4,2017-2018
Barcelona,25,38.0,1035,27.24,743,45,99,57,71,20,170,4.47,121,5,17,14,10,3,2017-2018
Betis,29,38.0,724,19.05,551,44,61,22,31,15,93,2.45,72,5,6,5,4,1,2017-2018
Celta Vigo,23,38.0,802,21.11,580,56,49,40,56,21,103,2.71,70,6,8,8,7,4,2017-2018
Eibar,27,38.0,809,21.29,537,106,46,34,71,15,72,1.89,50,9,1,7,4,1,2017-2018
Espanyol,25,38.0,724,19.05,505,70,43,37,49,20,60,1.58,40,4,4,2,6,4,2017-2018
Getafe,32,38.0,629,16.55,377,87,54,26,59,26,64,1.68,31,9,9,5,8,2,2017-2018
Girona,25,38.0,794,20.89,497,117,44,40,79,17,88,2.32,47,9,11,7,12,2,2017-2018
La Coruña,32,38.0,818,21.53,577,92,52,45,41,11,67,1.76,45,8,3,7,4,0,2017-2018
Las Palmas,36,38.0,732,19.26,519,64,54,26,61,8,41,1.08,28,0,6,3,3,1,2017-2018
Leganés,28,38.0,678,17.84,420,84,50,38,61,25,55,1.45,32,6,5,8,3,1,2017-2018
Levante,33,38.0,728,19.16,499,65,61,34,48,21,79,2.08,53,5,8,3,10,0,2017-2018
Málaga,37,38.0,687,18.08,427,85,61,39,52,23,34,0.89,20,4,2,3,4,1,2017-2018
Real Madrid,24,38.0,1290,33.95,1000,81,82,57,53,17,166,4.37,121,8,9,16,11,1,2017-2018
Real Sociedad,27,38.0,922,24.26,651,90,66,42,62,11,108,2.84,77,8,10,5,7,1,2017-2018
Sevilla,31,38.0,927,24.39,693,75,59,42,43,15,90,2.37,59,8,9,7,6,1,2017-2018
Valencia,25,38.0,860,22.63,605,76,74,45,47,13,114,3.00,76,7,11,8,9,3,2017-2018
Villarreal,32,38.0,831,21.87,605,64,69,37,36,20,95,2.50,67,3,13,7,5,0,2017-2018
Alavés,26,38.0,700,18.42,458,93,38,47,58,6,59,1.55,36,8,3,6,5,1,2018-2019
Athletic Club,27,38.0,693,18.24,477,77,43,42,45,9,70,1.84,49,5,3,6,7,0,2018-2019
Atlético Madrid,29,38.0,788,20.74,569,75,40,40,53,11,89,2.34,63,3,4,11,7,1,2018-2019
Barcelona,30,38.0,1000,26.32,766,42,75,42,66,9,158,4.16,113,7,13,10,15,0,2018-2019
Betis,25,38.0,782,20.58,585,47,57,24,55,14,76,2.00,57,0,6,5,7,1,2018-2019
Celta Vigo,28,38.0,814,21.42,588,56,63,44,55,8,89,2.34,66,3,5,7,8,0,2018-2019
Eibar,25,38.0,935,24.61,639,112,57,48,61,18,73,1.92,45,7,3,8,7,3,2018-2019
Espanyol,25,38.0,805,21.18,589,58,39,60,39,20,66,1.74,42,4,2,12,3,3,2018-2019
Getafe,26,38.0,674,17.74,428,90,49,36,56,15,78,2.05,46,7,11,5,8,1,2018-2019
Girona,26,38.0,692,18.21,462,84,39,39,62,6,63,1.66,39,6,2,9,7,0,2018-2019
Huesca,30,38.0,815,21.45,546,93,45,56,54,21,76,2.00,42,10,4,10,10,0,2018-2019
Leganés,29,38.0,707,18.61,490,86,37,34,45,15,61,1.61,42,8,3,5,3,0,2018-2019
Levante,26,38.0,759,19.97,512,66,61,41,64,15,98,2.58,63,10,10,7,8,0,2018-2019
Rayo Vallecano,29,38.0,792,20.84,537,80,65,50,42,18,67,1.76,45,2,6,8,6,0,2018-2019
Real Madrid,27,38.0,1071,28.18,792,81,71,66,49,12,103,2.71,66,6,7,13,10,1,2018-2019
Real Sociedad,30,38.0,754,19.84,522,72,53,41,47,19,74,1.95,46,7,5,5,9,2,2018-2019
Sevilla,27,38.0,933,24.55,739,59,44,43,35,13,110,2.89,88,3,6,8,5,0,2018-2019
Valencia,25,38.0,855,22.50,641,74,42,44,42,12,92,2.42,67,7,4,4,8,2,2018-2019
Valladolid,28,38.0,742,19.53,524,70,51,37,49,11,53,1.39,32,5,4,4,8,0,2018-2019
Villarreal,26,38.0,871,22.92,638,74,62,51,29,17,77,2.03,45,7,10,11,3,1,2018-2019
Alavés,32,38.0,537,14.13,333,88,28,36,46,6,58,1.53,31,8,4,6,8,1,2019-2020
Athletic Club,26,38.0,690,18.16,469,84,37,36,54,10,65,1.71,43,4,3,6,8,1,2019-2020
Atlético Madrid,30,38.0,790,20.79,546,88,43,51,48,14,86,2.26,56,5,11,5,8,1,2019-2020
Barcelona,28,38.0,903,23.76,678,38,82,33,60,12,150,3.95,114,6,10,5,12,3,2019-2020
Betis,27,38.0,837,22.03,611,62,77,37,39,11,75,1.97,52,4,6,7,6,0,2019-2020
Celta Vigo,30,38.0,659,17.34,477,52,41,37,44,8,67,1.76,43,3,8,5,8,0,2019-2020
Eibar,26,38.0,709,18.66,450,97,40,55,48,19,63,1.66,38,7,5,6,7,0,2019-2020
Espanyol,31,38.0,691,18.18,469,82,37,45,50,8,44,1.16,26,5,2,6,3,2,2019-2020
Getafe,30,38.0,691,18.18,464,83,36,35,63,10,70,1.84,43,7,7,6,6,1,2019-2020
Granada,27,38.0,670,17.63,434,89,32,38,58,19,86,2.26,52,9,5,8,8,4,2019-2020
Leganés,29,38.0,752,19.79,509,87,44,48,57,7,54,1.42,38,4,2,3,6,1,2019-2020
Levante,29,38.0,746,19.63,547,71,48,35,37,8,79,2.08,52,4,6,8,9,0,2019-2020
Mallorca,32,38.0,742,19.53,510,78,51,38,57,8,64,1.68,41,1,6,5,10,1,2019-2020
Osasuna,31,38.0,783,20.61,553,94,40,42,42,12,73,1.92,49,9,4,5,5,1,2019-2020
Real Madrid,26,38.0,1021,26.87,780,68,73,46,42,12,125,3.29,90,7,7,5,15,1,2019-2020
Real Sociedad,27,38.0,744,19.58,550,70,34,40,39,11,92,2.42,69,6,4,6,2,5,2019-2020
Sevilla,26,38.0,873,22.97,636,90,51,42,42,12,89,2.34,58,8,10,5,8,0,2019-2020
Valencia,28,38.0,612,16.11,445,53,39,22,43,10,80,2.11,56,5,8,2,9,0,2019-2020
Valladolid,30,38.0,647,17.03,453,47,46,31,58,12,53,1.39,34,2,4,6,7,0,2019-2020
Villarreal,25,38.0,864,22.74,642,66,60,44,37,15,108,2.84,71,5,10,10,11,1,2019-2020
Alavés,30,38.0,595,15.66,375,98,24,35,50,13,59,1.55,28,10,3,5,9,4,2020-2021
Athletic Club,27,38.0,723,19.03,539,66,37,25,43,13,73,1.92,52,5,3,5,7,1,2020-2021
Atlético Madrid,25,38.0,796,20.95,585,71,55,42,35,8,120,3.16,90,7,12,3,7,1,2020-2021
Barcelona,25,38.0,1064,28.00,833,50,76,34,61,10,136,3.58,105,2,12,9,7,1,2020-2021
Betis,25,38.0,799,21.03,578,74,59,39,36,13,91,2.39,58,12,6,5,9,1,2020-2021
Cádiz,34,38.0,517,13.61,330,65,38,27,42,15,53,1.39,37,2,3,6,4,1,2020-2021
Celta Vigo,30,38.0,624,16.42,460,51,31,36,38,8,98,2.58,69,6,5,6,10,2,2020-2021
Eibar,30,38.0,758,19.95,503,88,49,52,51,15,48,1.26,30,3,6,4,2,3,2020-2021
Elche,30,38.0,460,12.11,318,60,22,25,30,5,54,1.42,35,8,3,4,3,1,2020-2021
Getafe,31,38.0,618,16.26,413,70,37,37,52,9,38,1.00,22,0,6,6,4,0,2020-2021
Granada,34,38.0,592,15.58,387,66,37,43,50,9,69,1.82,45,4,5,9,4,2,2020-2021
Huesca,27,38.0,719,18.92,517,71,44,34,43,10,56,1.47,41,6,2,4,1,2,2020-2021
Levante,29,38.0,671,17.66,519,48,36,25,29,14,80,2.11,60,4,5,4,3,4,2020-2021
Osasuna,28,38.0,615,16.18,441,70,31,35,30,8,61,1.61,45,4,0,6,3,3,2020-2021
Real Madrid,30,38.0,981,25.82,745,79,55,51,41,10,114,3.00,89,6,8,5,4,2,2020-2021
Real Sociedad,30,38.0,749,19.71,532,76,35,45,48,13,100,2.63,72,9,2,9,8,0,2020-2021
Sevilla,26,38.0,830,21.84,635,61,55,36,35,8,87,2.29,65,4,8,6,4,0,2020-2021
Valencia,30,38.0,687,18.08,482,58,47,34,59,7,86,2.26,58,10,5,5,8,0,2020-2021
Valladolid,32,38.0,652,17.16,471,50,33,31,55,12,56,1.47,36,2,3,5,9,1,2020-2021
Villarreal,29,38.0,742,19.53,576,46,49,27,37,7,99,2.61,69,3,12,7,7,1,2020-2021
Alavés,33,38.0,628,16.53,392,88,38,46,53,11,48,1.26,27,6,4,5,6,0,2021-2022
Athletic Club,26,38.0,821,21.61,581,94,46,42,47,11,72,1.89,52,9,1,2,5,3,2021-2022
Atlético Madrid,26,38.0,828,21.79,593,86,56,41,40,12,111,2.92,86,6,5,8,3,3,2021-2022
Barcelona,38,38.0,942,24.79,728,62,68,34,41,9,123,3.24,95,5,7,8,6,2,2021-2022
Betis,31,38.0,902,23.74,670,75,55,46,41,15,94,2.47,65,5,10,5,8,1,2021-2022
Cádiz,33,38.0,687,18.08,459,86,38,47,41,16,55,1.45,32,7,3,5,6,2,2021-2022
Celta Vigo,25,38.0,701,18.45,540,43,25,50,34,9,70,1.84,52,2,3,11,1,1,2021-2022
Elche,28,38.0,592,15.58,426,60,42,23,28,13,68,1.79,50,4,7,3,2,2,2021-2022
Espanyol,34,38.0,721,18.97,521,59,47,40,41,13,67,1.76,45,5,4,8,3,2,2021-2022
Getafe,31,38.0,700,18.42,464,85,32,40,61,18,53,1.39,38,7,3,2,1,2,2021-2022
Granada,32,38.0,702,18.47,488,67,43,49,40,15,68,1.79,45,8,3,6,2,4,2021-2022
Levante,31,38.0,720,18.95,486,80,48,65,28,13,79,2.08,55,3,5,9,6,1,2021-2022
Mallorca,33,38.0,761,20.03,495,90,47,55,55,19,59,1.55,32,6,4,7,8,2,2021-2022
Osasuna,29,38.0,721,18.97,502,85,28,49,44,13,62,1.63,42,7,0,7,4,2,2021-2022
Rayo Vallecano,28,38.0,862,22.68,603,98,37,54,52,18,63,1.66,36,5,7,8,5,2,2021-2022
Real Madrid,31,38.0,1195,31.45,922,68,83,56,49,17,139,3.66,102,2,13,11,8,3,2021-2022
Real Sociedad,32,38.0,773,20.34,530,70,56,57,46,14,69,1.82,38,3,6,12,10,0,2021-2022
Sevilla,33,38.0,784,20.63,578,78,35,35,43,15,95,2.50,63,9,8,7,5,3,2021-2022
Valencia,34,38.0,718,18.89,479,93,45,26,64,11,83,2.18,53,8,7,3,11,1,2021-2022
Villarreal,29,38.0,800,21.05,593,73,57,38,28,11,112,2.95,73,12,11,10,5,1,2021-2022
Almería,29,38.0,758,19.95,533,73,51,51,33,17,76,2.00,51,7,8,7,3,0,2022-2023
Athletic Club,26,38.0,945,24.87,678,96,56,59,40,16,78,2.05,54,3,6,7,7,1,2022-2023
Atlético Madrid,27,38.0,958,25.21,756,59,47,51,32,13,116,3.05,82,7,9,13,3,2,2022-2023
Barcelona,29,38.0,1050,27.63,824,65,62,58,30,11,125,3.29,106,2,6,11,0,0,2022-2023
Betis,30,38.0,741,19.50,547,55,53,44,35,7,69,1.82,47,3,5,9,5,0,2022-2023
Cádiz,38,38.0,663,17.45,461,69,36,42,38,17,49,1.29,32,2,8,5,2,0,2022-2023
Celta Vigo,26,38.0,819,21.55,623,62,45,41,37,11,70,1.84,55,3,6,3,1,2,2022-2023
Elche,32,38.0,726,19.11,495,103,47,37,33,11,54,1.42,36,7,0,4,5,2,2022-2023
Espanyol,33,38.0,735,19.34,506,79,43,53,41,13,84,2.21,58,2,5,13,3,3,2022-2023
Getafe,25,38.0,619,16.29,414,84,25,35,54,7,51,1.34,38,4,2,2,4,1,2022-2023
Girona,29,38.0,821,21.61,597,86,41,45,43,9,102,2.68,70,10,1,5,13,3,2022-2023
Mallorca,31,38.0,563,14.82,373,76,33,30,42,9,63,1.66,37,11,4,4,5,2,2022-2023
Osasuna,26,38.0,779,20.50,564,77,53,41,30,14,69,1.82,53,7,0,5,4,0,2022-2023
Rayo Vallecano,28,38.0,881,23.18,651,77,43,40,46,24,69,1.82,50,5,6,3,4,1,2022-2023
Real Madrid,26,38.0,1194,31.42,894,85,88,52,67,8,134,3.53,95,5,15,8,10,1,2022-2023
Real Sociedad,30,38.0,800,21.05,594,71,41,39,38,17,82,2.16,64,3,5,4,3,3,2022-2023
Sevilla,35,38.0,837,22.03,640,74,26,41,39,17,82,2.16,56,8,7,6,5,0,2022-2023
Valencia,28,38.0,859,22.61,607,80,59,46,51,16,62,1.63,40,6,2,7,6,1,2022-2023
Valladolid,36,38.0,792,20.84,581,77,39,36,46,13,59,1.55,40,6,4,4,5,0,2022-2023
Villarreal,32,38.0,884,23.26,665,45,73,53,40,8,89,2.34,59,2,13,11,4,0,2022-2023
Alavés,30,38.0,817,21.50,563,88,54,53,43,16,60,1.58,39,5,6,4,6,0,2023-2024
Almería,35,38.0,823,21.66,586,66,47,52,50,22,70,1.84,45,3,7,9,4,2,2023-2024
Athletic Club,27,38.0,817,21.50,612,81,48,33,32,11,103,2.71,83,6,6,3,4,1,2023-2024
Atlético Madrid,27,38.0,852,22.42,650,59,56,42,31,14,120,3.16,94,3,10,7,5,1,2023-2024
Barcelona,29,38.0,1063,27.97,798,83,63,69,39,11,136,3.58,105,6,6,11,7,1,2023-2024
Betis,35,38.0,870,22.89,632,75,52,62,34,15,78,2.05,57,3,5,7,3,3,2023-2024
Cádiz,34,38.0,698,18.37,478,85,30,48,42,15,40,1.05,25,4,1,5,4,1,2023-2024
Celta Vigo,31,38.0,855,22.50,645,67,50,43,42,8,81,2.13,63,2,5,5,6,0,2023-2024
Getafe,33,38.0,766,20.16,531,87,45,48,40,15,69,1.82,40,8,8,9,4,0,2023-2024
Girona,25,38.0,872,22.95,674,62,45,45,36,10,152,4.00,119,7,10,7,8,1,2023-2024
Granada,40,38.0,708,18.63,475,74,47,50,49,13,63,1.66,45,3,3,5,5,2,2023-2024
Las Palmas,29,38.0,707,18.61,560,40,38,30,30,9,60,1.58,49,3,1,3,3,1,2023-2024
Mallorca,25,38.0,734,19.32,501,99,37,52,33,12,57,1.50,33,12,1,8,3,0,2023-2024
Osasuna,29,38.0,714,18.79,505,77,32,47,45,8,73,1.92,45,8,4,10,6,0,2023-2024
Rayo Vallecano,26,38.0,815,21.45,548,79,36,62,70,20,40,1.05,21,3,3,7,5,1,2023-2024
Real Madrid,27,38.0,1082,28.47,813,72,84,59,38,16,154,4.05,113,8,16,13,2,2,2023-2024
Real Sociedad,31,38.0,775,20.39,528,79,53,59,37,19,79,2.08,54,4,6,9,4,2,2023-2024
Sevilla,35,38.0,874,23.00,641,94,42,40,45,12,84,2.21,62,6,6,5,2,3,2023-2024
Valencia,29,38.0,670,17.63,478,66,38,29,42,17,66,1.74,47,3,5,5,6,0,2023-2024
Villarreal,32,38.0,855,22.50,624,76,53,56,30,16,111,2.92,77,9,4,15,5,1,2023-2024
