Equipo,Toques,Def. pen.,3.ยบ def.,3.ยบ cent.,3.ยบ ataq.,Ataq. pen.,Att,Succ,Tkld,Transportes,Dist. tot.,Dist. prg.,PrgC,1/3,TAP,Errores de control,Des,Rec,PrgR,Temporada
Alaves,473.4,57.8,166.3,211.2,102.1,14.7,15.2,8.68,6.42,239.7,1287.9,635.9,11.9,9.13,3.11,14.1,10.6,252.7,27.1,2017-2018
Athletic Club,569.8,56.2,168.2,270.8,137.9,20.0,16.1,9.21,6.87,313.9,1729.0,890.9,17.2,13.7,3.58,13.2,10.8,344.5,39.7,2017-2018
Atletico de Madrid,604.1,55.3,184.7,281.3,144.5,19.5,18.2,11.2,7.03,333.1,1741.8,900.0,18.5,13.1,4.45,14.4,11.8,379.2,38.1,2017-2018
Barcelona,771.7,58.7,193.5,373.3,211.9,32.2,25.6,16.3,9.32,501.2,2564.1,1395.8,27.0,21.0,8.21,12.8,12.2,579.4,56.1,2017-2018
Betis,669.3,66.3,211.9,328.2,135.4,15.4,17.9,11.6,6.32,442.3,2141.8,1126.1,19.4,14.7,4.66,13.7,10.0,469.1,39.5,2017-2018
Celta Vigo,651.3,64.6,211.1,313.2,133.5,18.6,15.9,9.89,5.97,385.0,2000.2,1002.3,19.1,14.9,4.34,13.2,11.3,443.3,41.5,2017-2018
Eibar,577.1,43.3,140.5,280.7,162.3,18.7,17.1,9.26,7.82,303.8,1606.0,748.3,16.7,14.0,3.39,16.3,9.84,331.3,38.2,2017-2018
Espanyol,558.8,56.7,187.3,259.3,117.4,15.5,15.7,8.50,7.16,305.5,1524.1,753.8,14.0,10.2,3.26,14.1,10.2,333.0,33.3,2017-2018
Getafe,452.9,48.9,148.5,195.3,114.2,15.1,15.4,7.79,7.61,213.1,1087.1,516.8,9.84,8.29,2.74,14.2,10.7,222.2,28.5,2017-2018
Girona,524.5,52.2,171.3,240.2,119.2,17.3,16.9,9.47,7.47,272.5,1485.1,706.6,15.5,10.9,3.13,12.5,9.71,308.8,31.6,2017-2018
Deportivo de La Coruna,553.4,55.4,179.0,247.8,132.9,19.4,16.4,9.87,6.47,285.1,1556.3,760.5,16.8,11.9,4.47,12.1,9.95,333.7,38.5,2017-2018
Las Palmas,621.2,62.6,202.0,298.6,127.9,16.3,18.8,11.8,6.95,374.9,1978.2,1018.3,19.1,15.2,3.50,15.0,12.1,413.6,34.7,2017-2018
Leganes,496.8,49.7,168.2,223.5,111.9,15.0,16.0,8.97,7.03,252.4,1325.9,629.8,14.1,10.2,2.82,14.7,11.9,271.0,28.9,2017-2018
Levante,492.0,56.8,161.1,215.7,121.3,17.3,18.0,9.87,8.16,262.7,1498.4,803.4,17.8,12.1,4.61,15.1,11.7,279.7,33.6,2017-2018
Malaga,523.7,54.6,170.7,241.8,117.2,14.4,15.4,8.11,7.32,278.2,1361.8,622.5,12.2,10.7,2.74,15.2,12.4,298.6,30.3,2017-2018
Real Madrid,739.9,49.7,183.4,347.8,216.2,32.2,19.8,13.2,6.61,497.7,2548.8,1329.7,29.8,20.5,8.21,12.1,10.4,548.6,62.4,2017-2018
Real Sociedad,646.7,62.6,198.4,300.2,154.6,21.8,16.4,9.53,6.87,396.5,2259.5,1180.5,23.2,16.9,4.82,14.6,11.8,443.4,42.0,2017-2018
Sevilla,647.1,54.9,189.9,306.9,157.6,25.0,17.4,10.3,7.08,387.4,1900.6,1008.8,21.5,15.6,6.76,13.1,11.3,427.6,47.5,2017-2018
Valencia,583.7,56.3,185.8,271.4,133.4,19.6,18.4,11.3,7.13,347.3,1870.2,966.5,19.4,13.6,4.95,14.2,12.5,373.7,40.8,2017-2018
Villarreal,603.7,60.3,200.3,283.3,126.0,18.2,15.1,8.63,6.50,328.8,1746.7,900.5,18.9,12.8,4.76,12.2,10.3,392.2,37.9,2017-2018
Alaves,486.2,57.2,167.6,217.5,106.9,16.0,12.9,7.26,5.61,219.7,1260.1,648.6,13.4,9.63,2.71,15.4,8.97,251.1,29.0,2018-2019
Athletic Club,567.2,50.9,164.9,268.3,140.0,18.5,14.3,7.58,6.68,283.7,1562.2,827.4,16.5,14.0,3.26,13.7,9.05,344.4,37.7,2018-2019
Atletico de Madrid,608.5,50.7,166.8,283.8,163.1,20.1,15.1,9.63,5.39,336.3,1766.6,908.8,17.8,15.3,4.45,13.1,10.8,390.3,36.0,2018-2019
Barcelona,799.8,57.4,192.8,392.1,221.1,27.5,19.8,11.7,8.08,511.7,2548.7,1379.5,22.4,22.1,7.00,12.0,11.4,609.0,55.1,2018-2019
Betis,704.3,61.9,203.9,334.9,171.4,21.7,18.9,11.8,7.03,421.7,2348.3,1266.4,23.3,18.6,5.74,15.0,10.3,507.3,42.7,2018-2019
Celta Vigo,602.3,60.4,190.8,286.6,130.7,17.6,16.5,10.0,6.47,335.3,1799.3,920.1,17.7,15.5,3.71,13.1,9.76,391.2,33.6,2018-2019
Eibar,592.8,42.4,131.5,283.1,184.2,23.9,15.6,9.05,6.53,293.7,1547.0,749.7,14.9,13.8,3.55,15.2,10.2,337.2,42.0,2018-2019
Espanyol,576.4,65.8,199.7,254.2,129.2,18.1,13.8,8.37,5.37,316.4,1739.6,912.9,16.9,13.2,3.66,14.9,9.84,361.9,39.0,2018-2019
Getafe,456.8,47.6,135.7,203.3,123.4,18.1,15.2,7.87,7.29,194.6,1129.8,544.9,11.8,10.1,3.08,15.5,9.63,210.8,29.5,2018-2019
Girona,562.2,63.7,198.7,258.8,111.1,16.7,14.1,8.32,5.82,298.5,1574.7,835.0,16.7,12.8,2.68,13.2,9.74,343.1,34.3,2018-2019
Huesca,507.1,55.5,165.5,227.1,120.6,19.0,15.6,8.26,7.32,246.0,1473.4,738.7,17.2,12.7,3.34,14.7,9.37,275.6,31.6,2018-2019
Leganes,504.3,52.0,162.1,229.6,118.3,16.6,12.3,6.66,5.68,256.7,1318.2,641.1,11.8,9.66,2.58,12.5,8.00,280.2,30.0,2018-2019
Levante,498.0,59.5,166.4,218.9,119.5,18.1,19.4,10.6,8.84,240.9,1538.9,843.6,18.7,11.9,4.61,14.1,11.3,282.8,33.8,2018-2019
Rayo Vallecano,546.3,61.5,188.0,244.9,121.0,16.3,22.3,14.1,8.26,311.2,1882.8,974.6,21.9,14.5,3.95,16.9,13.0,325.9,34.6,2018-2019
Real Madrid,738.9,53.6,194.4,353.0,198.1,28.3,19.9,12.1,7.76,462.5,2478.3,1259.7,26.6,19.7,7.92,13.0,9.37,539.9,54.8,2018-2019
Real Sociedad,597.7,64.9,201.2,280.6,122.3,17.4,17.9,10.8,7.03,326.8,1965.5,1046.6,18.3,13.8,3.53,15.0,12.3,380.5,36.0,2018-2019
Sevilla,600.7,56.7,188.1,261.7,157.6,25.1,15.9,9.39,6.55,335.0,1806.7,1003.5,21.8,15.5,5.24,12.8,10.3,380.1,47.2,2018-2019
Valencia,570.5,55.1,175.9,259.7,141.2,22.0,15.5,9.03,6.47,298.0,1723.0,918.6,19.8,13.1,4.66,13.2,8.87,357.0,40.7,2018-2019
Valladolid,536.5,60.3,182.0,237.4,122.6,15.6,12.6,7.74,4.82,275.6,1590.2,856.9,17.4,12.4,3.92,13.3,9.13,314.0,34.1,2018-2019
Villarreal,573.6,57.5,177.7,264.4,137.6,21.2,15.9,9.16,6.71,309.3,1699.7,905.8,18.8,12.6,5.50,13.2,8.95,359.6,43.2,2018-2019
Alaves,470.1,53.5,159.5,220.0,95.3,13.4,13.1,6.61,6.47,246.7,1175.1,548.8,10.6,8.08,2.63,14.1,8.13,250.7,24.6,2019-2020
Athletic Club,548.9,54.3,163.5,258.8,132.4,15.6,15.4,8.87,6.58,272.5,1534.6,811.6,15.9,13.0,2.89,15.2,7.87,326.9,33.5,2019-2020
Atletico de Madrid,575.3,50.5,162.7,278.6,138.8,21.2,14.3,9.16,5.13,312.4,1542.8,791.4,15.7,13.6,4.11,15.4,9.92,355.4,34.8,2019-2020
Barcelona,834.6,63.7,202.2,410.7,227.1,28.1,20.9,13.8,7.08,537.3,2690.2,1506.7,24.3,22.7,6.39,11.7,9.32,647.5,53.6,2019-2020
Betis,624.1,65.4,206.7,274.5,149.1,22.2,18.8,11.7,7.05,369.1,2073.0,1079.5,21.9,16.7,5.26,14.4,9.34,422.8,38.5,2019-2020
Celta Vigo,594.1,60.3,197.5,273.0,129.1,15.4,16.1,9.74,6.32,340.0,1800.9,881.4,17.6,13.7,3.50,14.2,9.87,380.5,35.7,2019-2020
Eibar,513.2,46.8,135.9,239.1,144.2,16.7,12.1,6.84,5.21,252.3,1282.8,578.0,11.2,10.8,2.89,14.8,9.34,271.9,32.8,2019-2020
Espanyol,533.7,55.1,180.5,243.0,116.2,15.9,12.9,7.39,5.47,280.1,1561.2,782.1,14.8,10.7,2.71,15.2,8.71,310.1,32.2,2019-2020
Getafe,466.8,39.1,127.4,208.0,137.0,17.1,12.5,7.21,5.32,198.7,1063.8,497.5,10.9,8.68,2.16,16.7,8.37,216.1,31.0,2019-2020
Granada,475.6,58.6,165.3,200.9,115.2,15.4,14.6,7.89,6.66,257.7,1380.0,664.4,13.4,10.0,2.92,12.8,7.63,255.8,26.2,2019-2020
Leganes,495.8,46.4,152.6,222.8,126.1,16.7,15.3,9.00,6.29,244.0,1311.3,647.6,13.1,10.8,3.21,14.3,7.66,269.6,30.1,2019-2020
Levante,531.8,65.2,201.1,218.2,117.2,16.6,16.8,10.2,6.61,284.1,1622.4,846.1,18.7,11.0,4.13,14.1,7.95,324.0,35.5,2019-2020
Mallorca,516.5,61.6,173.4,221.2,128.2,18.1,18.7,10.3,8.34,300.1,1732.9,908.9,19.5,13.9,5.29,16.4,9.29,307.7,31.6,2019-2020
Osasuna,529.5,52.7,159.8,247.4,128.1,17.4,13.8,8.29,5.53,261.4,1346.7,673.9,14.8,11.3,3.26,16.1,8.05,285.3,35.4,2019-2020
Real Madrid,728.8,58.8,202.9,330.3,201.9,27.3,20.2,12.7,7.50,451.2,2428.0,1251.2,25.0,19.1,7.95,13.6,8.29,525.8,51.3,2019-2020
Real Sociedad,632.6,61.6,198.8,298.7,140.2,20.5,15.6,9.34,6.16,368.6,1996.6,1069.3,19.4,13.8,3.92,14.5,9.39,416.5,41.4,2019-2020
Sevilla,675.0,58.7,205.1,307.3,168.1,24.2,17.6,10.9,6.68,380.0,1971.8,1028.6,21.1,15.0,5.55,14.2,9.26,458.7,47.5,2019-2020
Valencia,574.9,68.2,202.6,255.1,122.5,16.8,14.4,9.08,5.34,339.3,1866.1,955.5,17.7,12.9,3.00,13.7,7.45,378.6,36.0,2019-2020
Valladolid,510.8,56.9,173.9,238.3,104.7,12.6,15.0,8.89,6.08,262.8,1460.9,720.5,13.4,10.6,2.89,14.1,8.53,292.2,28.8,2019-2020
Villarreal,635.2,66.6,207.2,296.3,137.7,20.3,18.2,11.3,6.82,347.1,1871.1,990.0,18.3,13.6,5.50,15.8,8.16,424.0,38.7,2019-2020
Alaves,478.8,55.4,171.1,212.7,99.7,15.1,12.3,6.68,5.63,236.5,1169.7,551.1,10.6,8.29,2.74,14.7,6.74,266.1,24.3,2020-2021
Athletic Club,563.4,50.6,154.3,269.9,144.2,17.8,13.2,8.00,5.18,293.5,1709.0,925.0,18.0,13.4,3.87,13.1,8.82,354.6,38.9,2020-2021
Atletico de Madrid,646.3,51.8,178.3,316.4,156.2,23.5,15.5,9.84,5.63,359.9,1776.7,950.3,18.3,12.7,5.00,13.2,9.00,438.1,42.1,2020-2021
Barcelona,841.4,58.9,192.1,392.3,262.2,32.0,20.3,13.5,6.76,553.7,2757.4,1477.8,25.6,24.5,7.26,12.6,8.97,659.3,56.4,2020-2021
Betis,622.3,55.4,182.9,294.1,150.9,20.8,16.8,11.1,5.74,349.4,1758.4,908.7,18.3,14.4,4.53,15.6,9.66,412.7,37.6,2020-2021
Cadiz,420.5,55.8,154.6,176.7,94.7,11.5,13.5,8.45,5.05,190.9,1092.8,545.6,12.0,9.42,2.08,14.8,7.74,206.8,22.1,2020-2021
Celta Vigo,612.4,64.3,210.5,282.0,124.8,15.6,12.2,7.26,4.97,346.4,1637.2,819.8,13.5,11.3,2.87,14.0,7.34,396.3,34.2,2020-2021
Eibar,548.1,46.4,146.1,251.6,155.9,17.7,13.7,8.42,5.24,274.4,1412.8,641.9,13.3,9.84,2.68,17.3,8.42,307.5,33.7,2020-2021
Elche,548.7,67.7,219.7,240.6,93.6,11.0,16.3,9.61,6.66,310.2,1544.4,750.4,13.2,9.63,1.92,16.2,9.08,352.1,24.2,2020-2021
Getafe,465.2,41.8,123.4,206.6,141.2,17.6,12.7,6.92,5.79,214.1,1149.7,553.6,11.7,10.3,3.05,16.0,9.32,233.7,28.3,2020-2021
Granada,451.4,56.1,157.9,194.4,103.9,14.0,13.6,8.21,5.37,213.7,1155.0,564.8,10.8,7.58,2.76,13.8,9.11,236.3,25.3,2020-2021
Huesca,559.7,63.1,209.4,239.5,117.6,15.6,17.2,11.2,6.00,308.6,1715.9,895.4,16.3,11.9,2.97,14.2,8.03,352.4,30.9,2020-2021
Levante,575.9,63.4,201.4,250.1,129.8,17.9,16.2,9.63,6.53,327.4,1676.4,879.0,16.3,11.7,3.58,14.4,8.58,370.3,40.2,2020-2021
Osasuna,499.1,55.3,158.2,228.6,117.0,16.4,11.6,6.45,5.13,228.6,1131.1,519.3,9.08,8.29,1.68,15.5,8.16,266.3,31.6,2020-2021
Real Madrid,733.1,60.0,208.2,325.2,205.6,26.9,17.0,11.3,5.68,450.7,2502.5,1314.2,25.3,19.4,6.37,14.4,8.29,540.5,50.2,2020-2021
Real Sociedad,595.3,55.0,171.8,282.2,146.8,21.7,14.5,8.68,5.79,337.3,1858.4,977.7,16.5,12.9,3.29,13.6,8.18,387.6,40.3,2020-2021
Sevilla,696.9,65.7,215.5,322.3,163.9,20.6,15.8,10.3,5.45,415.6,2059.7,1024.3,18.2,14.5,3.97,13.6,8.13,503.4,42.3,2020-2021
Valencia,532.6,67.8,189.4,229.9,119.0,14.7,14.6,8.97,5.58,302.5,1651.2,862.2,15.1,12.3,2.68,13.1,7.05,333.1,30.7,2020-2021
Valladolid,510.6,58.6,172.6,221.5,121.8,14.7,13.3,7.66,5.63,255.8,1370.0,675.4,14.8,11.1,2.95,13.8,8.63,290.9,28.7,2020-2021
Villarreal,653.1,64.3,206.3,301.8,150.8,21.6,18.2,11.5,6.71,380.1,2039.2,1101.6,19.4,14.7,4.87,14.3,8.84,455.6,42.3,2020-2021
Alaves,483.4,58.5,163.6,213.3,111.4,15.9,13.3,7.13,6.13,228.9,1124.7,540.5,11.1,8.16,2.68,16.2,7.32,252.0,25.5,2021-2022
Athletic Club,559.3,54.4,163.5,250.8,150.6,21.0,13.9,7.82,6.11,283.6,1520.5,802.9,17.2,12.1,3.84,15.0,8.97,337.9,41.0,2021-2022
Atletico de Madrid,606.3,52.8,178.6,282.3,150.1,22.8,15.8,10.1,5.71,332.3,1726.7,915.8,18.6,14.0,4.32,14.6,9.29,394.2,38.3,2021-2022
Barcelona,757.3,58.8,186.7,376.8,199.1,27.8,19.7,12.5,7.18,479.7,2457.2,1381.8,25.3,18.5,7.37,16.4,9.42,561.4,54.2,2021-2022
Betis,623.4,60.5,192.4,288.7,147.4,21.7,17.2,9.79,7.45,343.2,1749.9,891.5,17.5,12.7,4.92,15.5,9.58,409.8,39.5,2021-2022
Cadiz,488.8,58.3,171.1,207.8,115.1,17.0,13.7,7.39,6.26,238.5,1367.2,704.0,15.0,10.1,2.79,15.2,7.66,264.2,28.0,2021-2022
Celta Vigo,652.3,59.8,196.8,309.8,151.0,18.9,15.6,9.11,6.42,358.1,1913.0,1014.9,17.5,14.3,3.29,15.1,8.16,417.6,37.7,2021-2022
Elche,549.7,65.6,201.5,239.1,113.5,13.1,15.7,8.92,6.79,291.0,1459.9,690.7,14.0,10.6,2.34,17.1,8.68,338.0,28.6,2021-2022
Espanyol,551.8,68.5,198.0,241.2,117.7,15.3,16.2,9.82,6.39,294.5,1582.2,795.3,16.1,12.3,3.13,14.8,8.71,348.4,31.5,2021-2022
Getafe,491.0,52.7,157.6,229.8,108.6,14.5,11.9,6.37,5.53,245.4,1177.5,546.0,10.5,8.63,2.42,15.9,7.92,268.3,23.9,2021-2022
Granada,501.4,63.2,176.4,216.8,112.8,15.8,13.0,7.11,5.92,243.6,1303.2,651.6,11.4,9.32,2.53,15.5,8.45,275.4,27.3,2021-2022
Levante,539.5,62.6,194.3,232.6,119.3,18.9,18.0,9.16,8.82,285.3,1493.5,768.1,15.0,10.7,4.05,16.2,7.95,328.6,35.1,2021-2022
Mallorca,508.0,58.7,173.5,218.9,121.6,17.0,16.1,9.68,6.42,264.1,1458.5,726.6,15.1,11.8,2.95,16.1,10.6,287.4,29.2,2021-2022
Osasuna,541.2,53.0,159.6,244.0,142.0,18.3,12.3,6.87,5.42,268.7,1325.3,612.6,11.0,9.42,2.00,15.7,8.13,309.9,34.6,2021-2022
Rayo Vallecano,560.0,56.9,173.4,255.3,137.9,19.3,16.8,9.39,7.42,285.0,1616.9,844.4,18.3,13.1,3.97,18.3,9.76,332.4,34.2,2021-2022
Real Madrid,747.1,63.1,214.6,316.8,221.8,31.5,20.5,12.0,8.53,488.5,2534.3,1360.9,27.1,19.9,8.68,13.0,7.29,558.8,54.2,2021-2022
Real Sociedad,617.2,67.7,197.5,280.8,144.8,22.4,17.6,9.47,8.16,349.7,1825.8,948.4,17.6,14.4,4.68,16.5,10.3,399.7,38.1,2021-2022
Sevilla,683.7,70.8,234.3,299.3,154.5,19.5,15.5,8.03,7.45,397.3,1797.6,920.4,16.4,13.6,3.66,15.5,8.58,478.9,41.6,2021-2022
Valencia,471.2,52.5,152.4,198.0,126.9,16.6,16.9,9.47,7.42,241.7,1380.3,723.2,14.6,11.8,2.87,17.3,7.74,250.1,31.2,2021-2022
Villarreal,638.4,64.2,203.8,283.6,156.6,25.6,19.6,11.8,7.79,384.8,2066.3,1109.7,20.8,12.7,6.32,15.0,8.74,432.0,44.3,2021-2022
Almeria,528.2,71.4,203.8,222.8,107.1,16.6,17.5,7.79,8.16,283.9,1499.5,766.7,15.0,11.4,3.45,15.3,7.39,317.0,28.4,2022-2023
Athletic Club,598.3,52.1,162.1,267.5,174.9,24.5,19.3,9.13,8.03,339.4,1867.1,1033.7,22.7,15.4,5.71,14.6,9.24,375.9,47.4,2022-2023
Atletico de Madrid,642.5,63.5,205.0,292.2,150.4,24.6,17.3,8.47,6.89,360.6,1773.8,941.8,19.2,12.4,5.26,12.8,7.29,439.6,41.0,2022-2023
Barcelona,747.8,53.2,177.8,368.4,207.6,30.3,21.1,10.4,8.45,494.9,2666.9,1463.9,25.3,20.6,7.34,14.4,8.58,556.3,57.1,2022-2023
Betis,591.6,61.3,191.4,269.0,137.6,18.9,20.3,9.61,8.18,332.6,1675.0,817.4,16.3,12.9,4.11,14.8,9.29,383.3,33.1,2022-2023
Cadiz,477.8,62.5,171.0,204.4,107.7,15.2,15.0,6.47,6.55,237.7,1268.6,648.0,12.5,9.21,2.34,14.9,9.32,258.9,25.3,2022-2023
Celta Vigo,594.9,58.3,189.3,265.8,146.1,19.3,18.4,8.50,7.76,356.5,1875.5,963.8,18.5,14.7,4.24,14.9,7.84,384.0,36.7,2022-2023
Elche,524.9,63.6,185.7,230.1,114.8,16.3,18.6,9.00,8.18,296.7,1581.2,773.6,14.8,10.7,2.82,15.2,9.08,314.5,31.2,2022-2023
Espanyol,494.9,58.3,162.4,219.9,117.7,18.1,15.1,6.76,6.84,252.7,1345.7,660.1,13.9,10.1,2.92,13.8,6.45,281.9,29.9,2022-2023
Getafe,472.3,52.1,151.8,220.2,105.1,15.5,12.0,5.71,4.97,228.8,1100.3,539.6,9.61,7.68,2.05,13.3,7.05,252.7,26.0,2022-2023
Girona,589.4,68.9,208.4,256.7,129.8,20.0,19.2,8.97,8.18,351.7,1946.7,1017.6,19.1,13.1,4.39,12.3,8.68,395.3,35.9,2022-2023
Mallorca,478.2,61.9,172.4,211.4,99.8,13.8,14.6,7.71,5.21,250.2,1341.6,646.4,12.5,8.97,2.47,13.1,7.95,272.5,24.6,2022-2023
Osasuna,549.7,60.2,168.3,246.1,140.3,18.7,16.5,8.24,6.50,294.7,1533.3,760.2,14.3,10.9,3.37,15.5,8.32,331.1,35.2,2022-2023
Rayo Vallecano,573.0,54.2,164.9,255.4,158.7,18.4,17.4,7.79,7.63,321.5,1720.4,881.8,18.5,14.4,3.45,14.6,9.84,352.2,36.2,2022-2023
Real Madrid,760.1,63.6,204.8,338.4,222.7,30.3,25.6,12.5,9.97,500.7,2641.6,1399.6,26.5,19.3,8.89,12.9,7.82,577.8,52.6,2022-2023
Real Sociedad,611.3,60.1,181.3,284.1,151.6,21.0,17.9,8.08,7.71,351.6,1866.1,966.8,18.2,13.1,4.92,16.0,9.68,397.4,38.5,2022-2023
Sevilla,605.2,60.1,187.9,265.0,157.5,19.5,15.9,7.08,6.76,356.4,1766.7,856.6,14.7,13.7,3.21,13.6,8.21,401.1,39.4,2022-2023
Valencia,569.0,54.2,169.6,240.9,164.6,21.6,19.7,9.26,8.08,322.1,1828.7,991.1,20.7,16.6,4.37,14.6,8.89,354.4,38.3,2022-2023
Valladolid,546.0,67.7,193.9,237.6,120.6,16.8,18.9,8.13,8.37,302.6,1693.1,850.5,16.1,11.9,3.87,15.5,8.32,329.5,32.4,2022-2023
Villarreal,626.8,69.0,201.6,268.8,162.6,24.0,23.2,11.4,9.08,378.7,2143.8,1196.6,22.3,15.0,6.29,14.5,9.03,430.6,42.6,2022-2023
Alaves,478.4,56.9,161.1,199.1,123.8,20.1,16.4,8.16,6.68,225.6,1264.4,670.9,14.5,9.58,3.63,15.1,7.87,262.4,32.9,2023-2024
Almeria,550.1,69.8,202.9,245.3,107.7,16.2,17.6,7.87,8.26,292.8,1557.8,801.2,15.5,11.2,3.47,14.5,7.08,333.2,28.5,2023-2024
Athletic Club,601.2,51.7,167.8,279.4,160.1,23.7,19.6,8.89,9.18,328.6,1736.8,908.1,19.3,13.9,5.08,15.0,9.63,378.1,42.0,2023-2024
Atletico de Madrid,651.3,62.3,207.4,300.1,149.0,25.1,14.9,7.82,5.97,379.0,1909.2,1012.9,19.9,14.4,4.76,14.0,7.97,445.6,41.6,2023-2024
Barcelona,755.7,57.7,193.7,375.3,192.4,28.3,21.7,10.1,8.89,467.6,2534.5,1424.9,25.4,19.2,6.89,15.9,8.03,560.4,50.3,2023-2024
Betis,614.1,61.6,197.3,276.6,146.2,23.3,20.9,10.2,8.66,343.5,1811.7,898.5,17.8,13.0,4.89,16.5,11.2,399.6,37.5,2023-2024
Cadiz,504.4,59.0,167.8,221.7,119.8,15.0,14.1,6.05,6.92,254.3,1377.5,669.2,12.0,11.1,2.00,15.0,9.03,280.6,26.2,2023-2024
Celta Vigo,580.6,60.9,186.4,254.6,145.7,21.5,17.0,7.76,7.66,330.0,1681.4,860.3,17.4,12.9,4.26,15.8,8.84,362.4,35.1,2023-2024
Getafe,506.4,53.2,147.9,236.1,127.6,18.0,14.5,6.29,6.87,246.3,1292.1,647.8,11.6,10.1,3.21,15.2,7.39,279.0,29.6,2023-2024
Girona,678.4,70.9,221.9,304.8,157.5,25.7,19.6,9.29,7.82,422.5,2376.9,1227.0,23.5,15.8,6.16,15.4,9.89,489.7,44.0,2023-2024
Granada,530.3,63.5,203.2,228.3,105.2,17.6,17.3,7.97,7.79,288.7,1505.2,758.2,13.5,9.97,2.95,15.8,8.03,316.1,27.1,2023-2024
Las Palmas,711.6,70.2,238.9,338.8,139.0,16.2,17.9,8.32,8.11,409.1,1886.6,954.9,15.2,12.1,3.05,17.0,9.61,498.8,41.4,2023-2024
Mallorca,520.2,60.0,174.2,235.8,115.5,17.7,13.4,6.61,5.76,259.2,1417.5,694.7,13.1,9.92,2.84,14.9,8.24,298.8,30.4,2023-2024
Osasuna,557.4,56.5,164.3,250.7,147.0,18.9,13.9,6.24,6.50,276.9,1421.6,681.4,13.2,10.7,2.55,14.2,7.45,335.0,34.4,2023-2024
Rayo Vallecano,572.6,60.7,189.7,254.5,134.0,17.6,17.2,7.45,8.05,287.0,1477.2,706.4,13.3,9.68,3.05,16.7,9.82,346.6,34.9,2023-2024
Real Madrid,754.5,64.6,207.4,348.4,205.6,30.4,23.4,10.6,10.3,486.4,2569.4,1380.2,25.0,21.1,8.29,12.6,8.21,569.5,50.6,2023-2024
Real Sociedad,613.7,58.3,182.5,294.9,141.5,20.2,17.9,8.45,7.47,341.4,1870.8,961.6,18.0,12.2,4.61,16.1,9.24,397.2,36.9,2023-2024
Sevilla,602.1,59.5,195.5,264.0,148.7,19.6,16.6,7.68,7.32,321.7,1705.4,866.9,16.7,11.8,3.84,16.3,7.37,381.7,37.0,2023-2024
Valencia,538.0,61.1,190.1,237.2,116.8,15.6,16.9,7.26,7.74,282.2,1475.9,741.8,13.7,10.5,3.58,15.3,8.37,319.2,30.3,2023-2024
Villarreal,598.1,75.8,210.6,254.9,138.2,22.3,19.0,9.24,8.66,322.3,1795.0,909.5,17.2,12.9,4.97,15.0,9.37,399.4,40.7,2023-2024
