Equipo,Cmp,Int.,% Cmp,Dist. tot.,Dist. prg.,Ass,xAG,xA,A-xAG,PC,1/3,PPA,CrAP,PrgP,Temporada
Alaves,255.2,365.2,69.9,4815.8,2150.5,0.82,0.73,0.58,0.09,7.29,22.0,4.63,1.63,27.5,2017-2018
Athletic Club,347.2,463.5,74.9,6924.0,2643.5,0.66,0.89,0.88,-0.23,8.00,31.9,7.68,2.74,40.0,2017-2018
Atletico de Madrid,381.2,488.9,78.0,6500.9,2477.4,1.08,0.96,0.81,0.12,7.76,30.7,6.82,0.89,38.4,2017-2018
Barcelona,582.8,677.4,86.0,9575.2,3193.0,1.95,1.70,1.66,0.25,11.0,45.5,12.5,0.79,56.6,2017-2018
Betis,472.4,569.0,83.0,8365.6,2753.0,1.13,0.93,0.83,0.21,8.34,32.3,6.16,1.68,39.6,2017-2018
Celta Vigo,446.9,554.5,80.6,8292.2,2861.7,1.18,1.13,0.97,0.05,8.74,32.6,8.13,2.29,42.0,2017-2018
Eibar,334.9,472.7,70.8,6854.4,2594.6,0.82,0.79,0.76,0.02,8.76,33.9,6.76,3.63,38.6,2017-2018
Espanyol,335.6,452.4,74.2,6148.4,2378.1,0.63,0.73,0.74,-0.10,7.63,27.3,6.11,2.24,33.6,2017-2018
Getafe,224.5,347.2,64.7,4446.9,2019.0,0.71,0.78,0.67,-0.07,6.71,23.3,6.76,1.76,28.7,2017-2018
Girona,311.7,422.0,73.8,6205.7,2385.5,0.82,0.91,0.92,-0.09,8.58,25.8,5.87,2.97,32.0,2017-2018
Deportivo de La Coruna,336.4,446.7,75.3,6275.8,2450.7,0.79,1.05,0.92,-0.26,9.03,28.7,7.16,2.24,38.9,2017-2018
Las Palmas,416.4,520.7,80.0,7112.5,2634.8,0.39,0.65,0.73,-0.26,7.71,27.1,6.71,1.61,35.1,2017-2018
Leganes,273.2,391.8,69.7,5103.7,2205.0,0.61,0.79,0.71,-0.18,7.66,24.4,5.00,1.97,29.2,2017-2018
Levante,282.0,388.6,72.6,5264.7,2222.0,0.74,0.84,0.59,-0.10,7.55,25.8,7.16,2.29,33.8,2017-2018
Malaga,300.6,415.0,72.4,5673.7,2367.1,0.39,0.69,0.62,-0.30,7.66,25.0,5.61,2.55,30.8,2017-2018
Real Madrid,551.4,644.6,85.5,9436.3,3163.2,1.71,1.65,1.55,0.06,14.5,48.6,13.5,3.21,62.7,2017-2018
Real Sociedad,446.7,548.4,81.5,8042.8,2804.8,1.24,1.02,0.94,0.21,10.2,33.0,8.24,2.71,42.2,2017-2018
Sevilla,430.7,541.3,79.6,7378.9,2813.7,0.92,1.13,0.97,-0.21,10.4,34.3,9.03,1.47,48.0,2017-2018
Valencia,376.0,473.8,79.4,6900.5,2590.9,1.18,1.05,0.88,0.13,9.32,32.2,8.08,1.97,41.1,2017-2018
Villarreal,394.6,494.7,79.8,7153.8,2691.0,1.18,1.11,0.84,0.08,9.79,30.4,6.47,1.58,38.2,2017-2018
Alaves,253.4,370.0,68.5,4895.7,2222.0,0.71,0.76,0.66,-0.05,7.84,21.9,5.89,3.08,29.3,2018-2019
Athletic Club,347.2,462.7,75.0,6363.5,2505.7,0.68,0.81,0.91,-0.12,7.87,28.1,7.58,2.26,38.2,2018-2019
Atletico de Madrid,393.2,500.4,78.6,6422.9,2348.0,0.95,0.93,0.98,0.02,9.21,29.7,7.58,1.24,36.5,2018-2019
Barcelona,612.2,702.4,87.2,10188.1,3200.0,1.61,1.47,1.43,0.14,10.7,47.6,11.5,0.97,55.5,2018-2019
Betis,510.8,601.9,84.9,8709.7,2800.0,0.79,0.87,0.94,-0.08,8.58,33.7,8.00,1.61,42.9,2018-2019
Celta Vigo,393.6,494.9,79.5,7062.6,2496.3,0.97,0.88,0.78,0.09,9.03,25.2,6.45,1.76,33.9,2018-2019
Eibar,341.5,486.9,70.1,6785.0,2572.1,0.68,0.97,1.02,-0.28,9.84,35.8,9.29,4.00,42.6,2018-2019
Espanyol,364.6,466.8,78.1,6787.2,2539.8,0.68,0.89,0.86,-0.21,8.74,27.9,8.05,1.58,39.3,2018-2019
Getafe,213.4,342.7,62.3,4377.8,2094.0,0.89,0.87,0.76,0.03,7.74,22.2,7.16,2.26,29.8,2018-2019
Girona,345.7,452.9,76.3,6589.7,2495.6,0.61,0.77,0.82,-0.17,7.37,22.9,6.74,2.42,34.6,2018-2019
Huesca,278.6,391.9,71.1,5291.2,2254.5,0.74,0.91,0.82,-0.17,8.84,23.0,7.16,2.92,31.8,2018-2019
Leganes,282.4,400.3,70.6,5553.2,2292.0,0.66,0.74,0.71,-0.08,8.05,24.6,6.16,3.18,30.3,2018-2019
Levante,284.8,388.6,73.3,5192.5,2179.9,1.03,1.01,0.75,0.01,8.08,24.5,6.58,1.66,34.1,2018-2019
Rayo Vallecano,328.1,429.1,76.5,5954.1,2297.1,0.63,0.87,0.77,-0.24,8.79,23.8,5.89,2.11,34.9,2018-2019
Real Madrid,542.8,636.8,85.2,9616.3,3097.6,1.03,1.31,1.18,-0.29,12.2,42.8,10.2,2.29,55.1,2018-2019
Real Sociedad,383.3,488.1,78.5,7055.1,2488.2,0.71,0.87,0.82,-0.16,8.32,26.7,6.63,2.34,36.3,2018-2019
Sevilla,383.0,494.9,77.4,6948.9,2618.4,1.24,1.30,1.20,-0.06,10.3,30.7,10.3,2.71,47.5,2018-2019
Valencia,360.0,464.2,77.5,6598.2,2502.7,1.00,1.23,1.19,-0.23,9.71,31.2,8.55,2.34,41.1,2018-2019
Valladolid,316.2,428.4,73.8,5993.0,2261.7,0.50,0.70,0.64,-0.20,7.71,25.8,5.08,1.92,34.2,2018-2019
Villarreal,362.1,464.4,78.0,6802.3,2591.5,0.89,1.03,0.89,-0.13,9.58,31.7,7.74,1.76,43.4,2018-2019
Alaves,252.9,367.7,68.8,4793.9,2172.9,0.53,0.71,0.58,-0.18,6.21,19.0,4.50,1.47,24.8,2019-2020
Athletic Club,329.8,445.1,74.1,6171.8,2375.0,0.61,0.69,0.66,-0.08,7.29,25.4,5.71,2.24,34.0,2019-2020
Atletico de Madrid,357.8,467.5,76.5,5841.3,2325.3,0.92,1.04,0.98,-0.12,8.68,23.8,7.61,1.29,35.1,2019-2020
Barcelona,651.5,742.8,87.7,10290.6,3158.3,1.63,1.30,1.35,0.33,10.1,48.1,11.0,0.82,53.7,2019-2020
Betis,425.8,521.7,81.6,7495.1,2486.6,0.92,0.97,0.89,-0.05,9.47,26.7,8.47,2.21,38.8,2019-2020
Celta Vigo,382.9,488.3,78.4,6555.6,2376.9,0.68,0.69,0.69,-0.01,7.34,25.5,6.66,1.58,35.9,2019-2020
Eibar,274.7,409.2,67.1,5468.8,2208.5,0.63,0.68,0.69,-0.05,7.68,26.5,5.89,2.84,33.3,2019-2020
Espanyol,312.7,430.6,72.6,5915.7,2297.0,0.45,0.72,0.70,-0.27,7.45,25.3,5.84,2.26,32.6,2019-2020
Getafe,218.9,360.9,60.7,4347.5,2059.6,0.82,0.73,0.70,0.08,7.47,25.5,7.24,3.42,31.5,2019-2020
Granada,258.2,371.2,69.5,5011.0,2096.2,0.89,0.80,0.69,0.09,7.24,21.6,4.63,1.82,26.6,2019-2020
Leganes,272.0,390.5,69.7,4983.1,2132.3,0.50,0.73,0.67,-0.23,7.68,23.4,5.87,2.50,30.7,2019-2020
Levante,326.7,429.8,76.0,5969.4,2419.9,0.74,0.96,0.72,-0.22,8.58,25.9,6.66,1.97,35.7,2019-2020
Mallorca,310.1,411.5,75.4,5323.3,2238.4,0.55,0.67,0.70,-0.12,8.13,21.9,5.55,1.92,31.8,2019-2020
Osasuna,288.4,418.5,68.9,5486.2,2337.2,0.68,0.91,0.78,-0.22,8.97,24.9,7.03,2.47,35.8,2019-2020
Real Madrid,529.1,624.6,84.7,9273.6,2989.7,1.37,1.31,1.24,0.06,11.5,40.7,10.5,2.63,51.9,2019-2020
Real Sociedad,420.8,532.3,79.0,7487.9,2612.6,1.00,0.93,0.91,0.07,8.50,29.9,8.61,2.26,41.8,2019-2020
Sevilla,461.2,571.9,80.6,8415.1,2796.4,0.92,1.01,1.04,-0.09,9.45,33.5,9.03,2.89,48.0,2019-2020
Valencia,381.3,480.5,79.4,6877.6,2393.9,0.89,0.83,0.78,0.06,6.66,25.6,7.18,1.55,36.3,2019-2020
Valladolid,294.4,406.8,72.4,5533.6,2155.9,0.50,0.63,0.54,-0.13,6.68,22.1,4.08,1.50,29.1,2019-2020
Villarreal,426.8,527.5,80.9,7763.1,2601.3,1.05,1.13,0.98,-0.08,9.68,29.3,7.26,1.97,39.0,2019-2020
Alaves,268.8,378.6,71.0,5178.3,2279.4,0.55,0.72,0.55,-0.17,6.74,20.8,4.97,2.16,24.7,2020-2021
Athletic Club,357.3,469.5,76.1,6608.9,2406.7,0.82,0.82,0.73,-0.01,7.97,27.7,7.47,2.08,39.4,2020-2021
Atletico de Madrid,441.0,544.2,81.0,7276.5,2500.2,1.42,1.07,1.02,0.35,9.13,30.1,9.74,1.39,42.2,2020-2021
Barcelona,662.9,749.7,88.4,10108.2,3136.1,1.34,1.40,1.67,-0.06,11.9,49.3,13.6,1.37,56.8,2020-2021
Betis,416.2,517.9,80.4,7194.7,2482.3,0.92,0.88,0.80,0.04,8.79,27.6,7.84,2.11,37.9,2020-2021
Cadiz,209.2,317.6,65.9,4180.9,1901.3,0.42,0.54,0.44,-0.12,5.16,17.2,4.00,1.92,22.5,2020-2021
Celta Vigo,399.4,508.4,78.6,6922.8,2404.1,1.03,0.97,0.84,0.06,7.03,25.7,6.53,1.26,34.4,2020-2021
Eibar,310.8,444.5,69.9,6173.9,2437.0,0.53,0.79,0.75,-0.26,8.13,29.4,6.68,3.11,34.1,2020-2021
Elche,354.8,448.8,79.0,6423.0,2479.7,0.66,0.57,0.52,0.08,5.00,20.6,3.89,2.08,24.4,2020-2021
Getafe,236.2,364.8,64.8,4499.7,2008.3,0.37,0.62,0.63,-0.25,6.87,22.7,5.92,2.68,28.7,2020-2021
Granada,239.0,350.9,68.1,4572.7,1953.9,0.79,0.71,0.59,0.08,5.89,21.4,4.55,1.53,25.7,2020-2021
Huesca,355.4,460.0,77.3,6603.2,2314.4,0.61,0.70,0.67,-0.10,7.76,23.6,5.82,2.97,31.2,2020-2021
Levante,373.4,476.7,78.3,6763.3,2525.7,0.92,0.78,0.79,0.14,7.53,28.6,8.05,2.18,40.4,2020-2021
Osasuna,269.3,395.6,68.1,5298.7,2409.3,0.66,0.66,0.73,0.00,6.82,25.5,6.87,2.66,32.1,2020-2021
Real Madrid,543.5,634.7,85.6,9288.6,2932.6,1.39,1.25,1.28,0.15,11.5,40.1,10.6,2.03,50.5,2020-2021
Real Sociedad,392.5,499.9,78.5,6965.6,2420.6,1.03,1.04,1.04,-0.02,8.11,28.9,9.03,1.68,40.9,2020-2021
Sevilla,506.5,601.9,84.2,9025.9,2802.1,0.95,1.08,1.06,-0.13,10.2,32.5,9.11,3.21,42.8,2020-2021
Valencia,335.7,433.7,77.4,6358.5,2348.6,0.92,0.72,0.65,0.20,7.45,24.4,6.29,1.63,31.1,2020-2021
Valladolid,293.3,404.9,72.4,5423.8,2112.1,0.55,0.64,0.68,-0.08,6.92,23.0,5.61,2.37,29.0,2020-2021
Villarreal,460.7,556.0,82.9,8036.9,2759.0,0.87,1.07,1.07,-0.20,8.34,30.9,9.42,2.13,42.8,2020-2021
Alaves,254.6,373.0,68.3,5027.5,2256.3,0.53,0.67,0.60,-0.14,6.84,22.0,5.24,2.21,25.9,2021-2022
Athletic Club,340.7,454.8,74.9,6031.5,2407.2,0.89,0.99,0.95,-0.09,9.24,27.8,8.05,2.16,41.4,2021-2022
Atletico de Madrid,396.7,502.6,78.9,6661.6,2334.7,1.18,1.06,1.04,0.13,9.13,26.0,8.55,1.74,38.5,2021-2022
Barcelona,565.5,658.1,85.9,9454.7,3024.3,1.37,1.25,1.44,0.12,10.6,44.7,10.3,2.61,54.7,2021-2022
Betis,413.2,511.7,80.8,7198.3,2616.3,1.18,0.99,0.92,0.19,10.4,29.9,7.74,1.34,39.9,2021-2022
Cadiz,266.7,379.3,70.3,5147.0,2049.0,0.55,0.65,0.76,-0.09,7.29,21.8,6.13,3.16,28.4,2021-2022
Celta Vigo,421.2,541.9,77.7,7546.6,2520.9,0.76,0.76,0.83,0.01,7.53,29.1,7.50,2.21,38.1,2021-2022
Elche,340.7,443.1,76.9,6241.9,2449.9,0.76,0.73,0.65,0.04,6.87,22.7,5.37,2.05,29.0,2021-2022
Espanyol,351.6,445.2,79.0,6259.6,2331.6,0.66,0.68,0.65,-0.02,7.89,26.1,5.58,1.55,31.9,2021-2022
Getafe,270.5,384.4,70.4,5179.3,2171.3,0.68,0.51,0.52,0.17,7.58,21.3,4.37,1.92,24.1,2021-2022
Granada,278.5,391.8,71.1,5244.4,2153.1,0.74,0.70,0.68,0.03,8.05,22.1,5.39,2.16,27.6,2021-2022
Levante,331.2,432.2,76.6,5967.3,2340.5,0.89,0.83,0.68,0.06,8.37,25.5,6.68,1.66,35.3,2021-2022
Mallorca,290.7,395.3,73.5,5129.9,2158.1,0.61,0.68,0.74,-0.07,7.97,21.2,6.18,1.68,29.7,2021-2022
Osasuna,313.3,434.8,72.0,6001.4,2533.6,0.61,0.60,0.73,0.00,7.82,28.9,7.84,3.26,34.9,2021-2022
Rayo Vallecano,335.4,445.6,75.3,6256.9,2448.9,0.74,0.81,0.94,-0.07,9.45,26.6,7.03,2.87,34.5,2021-2022
Real Madrid,562.4,645.2,87.2,9356.8,2964.6,1.55,1.33,1.45,0.22,13.8,44.6,12.0,1.50,54.7,2021-2022
Real Sociedad,405.3,508.0,79.8,7086.0,2583.8,0.58,0.87,0.92,-0.29,8.24,28.1,8.29,1.82,38.5,2021-2022
Sevilla,482.3,585.1,82.4,8991.8,2882.1,1.05,0.86,0.91,0.20,9.00,31.8,8.03,2.95,42.0,2021-2022
Valencia,253.3,362.6,69.9,4932.6,2045.3,0.79,0.67,0.72,0.12,7.58,23.7,6.74,1.97,31.6,2021-2022
Villarreal,438.9,536.9,81.8,7736.9,2715.9,1.34,1.34,1.31,0.00,9.55,33.6,9.18,1.74,44.7,2021-2022
Almeria,319.8,417.2,76.6,5933.6,2349.4,0.87,0.86,0.74,0.01,8.32,22.3,5.74,2.13,28.7,2022-2023
Athletic Club,380.0,490.3,77.5,6884.7,2527.3,0.87,1.02,0.94,-0.16,10.9,36.4,8.97,2.82,47.8,2022-2023
Atletico de Madrid,442.5,539.2,82.1,7306.0,2680.0,1.34,1.26,1.05,0.08,11.0,31.6,8.82,1.79,41.3,2022-2023
Barcelona,560.5,650.9,86.1,9588.8,3030.0,1.47,1.58,1.75,-0.11,11.8,48.9,12.7,2.74,57.4,2022-2023
Betis,386.3,480.2,80.4,6454.6,2433.2,0.68,0.91,0.83,-0.23,8.16,26.0,7.11,1.42,33.5,2022-2023
Cadiz,261.6,367.2,71.2,5002.7,2070.4,0.53,0.73,0.65,-0.20,7.08,21.8,5.05,2.45,25.5,2022-2023
Celta Vigo,386.8,486.8,79.5,7026.4,2396.7,0.82,0.81,0.83,0.01,9.29,30.1,7.21,2.03,36.9,2022-2023
Elche,317.1,414.7,76.5,5751.1,2301.6,0.55,0.71,0.69,-0.16,8.24,24.8,5.55,2.16,31.5,2022-2023
Espanyol,284.9,386.8,73.7,5481.4,2273.7,0.82,0.92,0.79,-0.11,8.39,23.8,6.13,2.18,30.2,2022-2023
Getafe,255.0,371.7,68.6,4988.3,2208.6,0.55,0.59,0.63,-0.04,6.53,22.2,5.63,2.47,26.4,2022-2023
Girona,398.6,489.6,81.4,6968.7,2518.6,1.08,0.99,0.93,0.09,9.63,28.6,6.97,2.39,36.3,2022-2023
Mallorca,275.0,375.3,73.3,5260.4,2211.5,0.71,0.70,0.61,0.01,6.63,21.4,4.79,1.82,24.9,2022-2023
Osasuna,334.9,443.0,75.6,6374.6,2515.7,0.79,0.75,0.83,0.04,8.47,30.0,7.13,3.00,35.7,2022-2023
Rayo Vallecano,355.2,464.9,76.4,6613.7,2418.4,0.76,0.79,0.78,-0.03,10.2,32.8,7.08,2.68,36.6,2022-2023
Real Madrid,581.1,658.2,88.3,9410.2,2996.8,1.47,1.49,1.49,-0.02,13.7,49.5,10.1,1.32,53.1,2022-2023
Real Sociedad,403.3,503.5,80.1,7090.1,2530.5,0.95,1.04,0.96,-0.10,9.11,30.1,7.63,1.71,39.0,2022-2023
Sevilla,404.7,505.1,80.1,7209.3,2509.7,0.82,0.84,0.89,-0.03,8.97,32.4,7.95,2.50,39.8,2022-2023
Valencia,357.7,460.3,77.7,6337.3,2275.4,0.61,0.86,0.94,-0.25,9.34,30.4,7.95,2.92,38.7,2022-2023
Valladolid,332.3,432.2,76.9,6283.3,2309.7,0.63,0.75,0.64,-0.12,8.53,25.5,5.87,2.42,32.7,2022-2023
Villarreal,437.7,522.7,83.7,7777.7,2663.1,0.87,1.14,1.01,-0.27,9.84,34.3,9.18,1.37,42.7,2022-2023
Alaves,265.6,371.5,71.5,5043.4,2194.6,0.74,0.85,0.81,-0.12,8.97,24.7,7.18,2.76,33.2,2023-2024
Almeria,336.2,435.3,77.2,6013.0,2262.0,0.66,0.90,0.65,-0.24,9.18,22.9,5.58,2.26,28.9,2023-2024
Athletic Club,381.8,492.7,77.5,6757.2,2531.8,1.08,0.97,1.06,0.11,9.34,31.7,9.03,2.97,42.4,2023-2024
Atletico de Madrid,449.1,545.0,82.4,7435.1,2671.1,1.26,1.25,1.16,0.02,9.45,32.3,10.0,1.79,42.0,2023-2024
Barcelona,565.9,651.6,86.9,9468.7,3011.8,1.45,1.51,1.52,-0.06,12.0,44.8,10.7,2.18,50.7,2023-2024
Betis,402.9,499.4,80.7,6761.6,2487.6,0.82,0.86,0.89,-0.04,9.68,27.3,8.61,1.39,37.9,2023-2024
Cadiz,283.2,394.5,71.8,5341.4,2268.9,0.45,0.66,0.69,-0.22,7.68,23.7,5.76,2.79,26.8,2023-2024
Celta Vigo,365.5,467.8,78.1,6209.1,2448.9,0.92,1.01,1.03,-0.08,9.66,29.7,7.71,1.87,35.4,2023-2024
Getafe,281.9,399.8,70.5,5452.8,2190.1,0.71,0.73,0.72,-0.02,8.53,27.3,5.79,2.71,30.0,2023-2024
Girona,494.6,576.7,85.8,8370.9,2855.4,1.68,1.42,1.38,0.26,9.92,37.7,9.53,2.32,44.3,2023-2024
Granada,319.1,420.4,75.9,5928.6,2320.9,0.71,0.82,0.80,-0.11,7.45,21.9,6.92,2.47,27.5,2023-2024
Las Palmas,502.8,602.2,83.5,7853.3,2905.1,0.61,0.61,0.74,-0.01,7.76,34.1,7.13,1.42,42.0,2023-2024
Mallorca,302.0,411.7,73.4,5745.9,2351.3,0.71,0.81,0.77,-0.10,8.11,25.7,6.18,2.71,30.9,2023-2024
Osasuna,338.8,456.2,74.3,6420.5,2549.0,0.84,0.75,0.83,0.09,7.92,29.7,6.92,2.74,34.8,2023-2024
Rayo Vallecano,349.5,459.4,76.1,6320.8,2479.1,0.32,0.65,0.67,-0.33,8.26,28.5,6.71,2.13,35.1,2023-2024
Real Madrid,573.5,649.8,88.3,9206.9,2965.3,1.74,1.38,1.33,0.36,12.5,44.8,10.3,1.55,50.9,2023-2024
Real Sociedad,401.7,506.6,79.3,7282.9,2464.0,0.95,0.81,0.87,0.14,8.42,29.8,6.47,1.66,37.2,2023-2024
Sevilla,384.9,489.4,78.6,7040.3,2557.1,0.79,0.83,0.86,-0.04,9.55,31.8,7.53,3.53,37.3,2023-2024
Valencia,321.9,427.8,75.3,5728.2,2110.1,0.63,0.71,0.64,-0.08,7.03,23.3,5.74,1.89,30.6,2023-2024
Villarreal,403.9,490.4,82.4,7315.9,2693.8,1.24,1.07,1.06,0.17,9.61,30.5,8.92,2.32,41.0,2023-2024
