Equipo,GC,PD,TL,TE,OG,PSxG,PSxG/SoT,PSxG+/-,/90,Cmp,Int.,Att (GK),TI,Opp,Stp,Temporada
Alavés,1.32,0.18,0.05,0.18,0.05,1.30,0.25,0.04,+0.04,8.68,20.7,18.6,2.71,17.3,0.45,2017-2018
Athletic Club,1.29,0.08,0.08,0.13,0.08,1.37,0.28,0.16,+0.16,10.7,22.1,28.1,3.68,13.8,0.76,2017-2018
Atlético Madrid,0.58,0.03,0.03,0.05,0.03,0.87,0.23,0.32,+0.32,5.11,15.3,16.7,2.87,14.5,0.68,2017-2018
Barcelona,0.76,0.05,0.00,0.03,0.00,0.97,0.26,0.21,+0.21,3.42,8.16,27.9,5.18,10.8,0.39,2017-2018
Betis,1.61,0.08,0.00,0.18,0.11,1.27,0.29,-0.23,-0.24,5.24,15.2,32.6,4.29,15.4,0.66,2017-2018
Celta Vigo,1.58,0.11,0.00,0.21,0.03,1.30,0.29,-0.25,-0.25,6.50,18.4,30.4,3.26,14.2,0.37,2017-2018
Eibar,1.32,0.11,0.05,0.08,0.08,1.26,0.34,0.02,+0.02,9.45,25.2,26.1,2.53,9.97,0.61,2017-2018
Espanyol,1.11,0.11,0.03,0.13,0.05,1.24,0.26,0.19,+0.19,6.24,17.7,19.9,4.53,14.9,0.82,2017-2018
Getafe,0.87,0.05,0.00,0.08,0.00,1.11,0.31,0.24,+0.24,7.68,24.3,21.4,2.11,14.4,0.66,2017-2018
Girona,1.55,0.11,0.08,0.05,0.08,1.52,0.32,0.05,+0.05,7.61,21.0,21.8,3.50,12.8,0.37,2017-2018
La Coruña,2.00,0.11,0.11,0.29,0.08,1.64,0.33,-0.28,-0.28,6.21,15.8,17.6,3.89,15.8,0.79,2017-2018
Las Palmas,1.95,0.13,0.03,0.18,0.03,1.94,0.33,0.02,+0.02,5.21,14.7,31.4,6.29,14.0,0.79,2017-2018
Leganés,1.34,0.16,0.11,0.11,0.00,1.36,0.30,0.02,+0.02,8.89,25.3,24.3,2.47,13.4,0.82,2017-2018
Levante,1.53,0.13,0.03,0.21,0.08,1.52,0.29,0.08,+0.08,7.37,19.6,19.7,2.97,15.8,0.79,2017-2018
Málaga,1.61,0.16,0.03,0.08,0.00,1.75,0.36,0.15,+0.15,8.11,21.6,20.8,2.39,14.1,0.76,2017-2018
Real Madrid,1.16,0.05,0.00,0.18,0.05,1.19,0.30,0.09,+0.09,2.76,7.29,19.9,4.84,11.4,0.47,2017-2018
Real Sociedad,1.55,0.16,0.05,0.18,0.03,1.39,0.30,-0.14,-0.14,6.16,14.7,35.7,3.92,12.4,0.74,2017-2018
Sevilla,1.53,0.13,0.03,0.16,0.03,1.36,0.32,-0.14,-0.14,4.34,12.0,19.8,4.95,14.4,0.79,2017-2018
Valencia,1.00,0.08,0.03,0.13,0.00,1.33,0.28,0.33,+0.33,4.95,14.1,17.0,4.76,16.4,0.61,2017-2018
Villarreal,1.32,0.13,0.03,0.16,0.00,1.34,0.28,0.02,+0.02,4.74,14.0,19.1,4.84,18.1,0.82,2017-2018
Alavés,1.32,0.16,0.08,0.05,0.05,1.38,0.29,0.12,+0.12,8.55,20.9,21.2,2.58,16.6,0.55,2018-2019
Athletic Club,1.18,0.13,0.00,0.16,0.00,1.13,0.32,-0.06,-0.06,9.42,21.7,23.7,3.24,13.4,0.58,2018-2019
Atlético Madrid,0.76,0.13,0.00,0.11,0.05,1.11,0.28,0.40,+0.40,5.79,15.7,15.3,2.74,14.6,0.58,2018-2019
Barcelona,0.95,0.05,0.00,0.05,0.03,1.06,0.30,0.14,+0.14,3.29,6.42,25.5,5.55,11.6,0.21,2018-2019
Betis,1.37,0.11,0.05,0.21,0.00,1.36,0.31,-0.01,-0.01,3.37,8.87,30.3,5.13,12.3,0.66,2018-2019
Celta Vigo,1.63,0.16,0.11,0.13,0.03,1.57,0.32,-0.03,-0.03,6.76,17.6,24.3,4.24,15.3,0.53,2018-2019
Eibar,1.32,0.08,0.05,0.08,0.03,1.16,0.31,-0.13,-0.13,8.55,22.5,24.0,2.84,10.6,0.53,2018-2019
Espanyol,1.32,0.16,0.13,0.18,0.05,1.36,0.27,0.10,+0.10,5.95,14.8,22.8,3.50,17.7,0.63,2018-2019
Getafe,0.92,0.11,0.03,0.05,0.05,1.06,0.26,0.19,+0.19,9.45,25.3,21.9,1.37,12.5,0.53,2018-2019
Girona,1.39,0.21,0.05,0.16,0.05,1.61,0.27,0.26,+0.26,5.87,15.2,23.6,4.66,14.6,0.50,2018-2019
Huesca,1.71,0.24,0.05,0.03,0.08,1.62,0.31,-0.01,-0.01,8.74,22.4,20.6,1.97,13.8,0.18,2018-2019
Leganés,1.13,0.08,0.05,0.08,0.03,1.14,0.30,0.03,+0.03,9.05,21.9,23.5,2.95,15.4,0.74,2018-2019
Levante,1.74,0.21,0.03,0.16,0.05,1.81,0.27,0.13,+0.13,5.45,15.2,17.4,4.84,15.7,0.50,2018-2019
Rayo Vallecano,1.84,0.18,0.00,0.26,0.03,1.73,0.30,-0.08,-0.08,6.32,15.3,23.3,5.18,15.1,0.34,2018-2019
Real Madrid,1.21,0.16,0.00,0.16,0.00,1.26,0.31,0.05,+0.05,3.32,9.55,24.3,6.13,10.5,0.68,2018-2019
Real Sociedad,1.21,0.05,0.03,0.29,0.05,1.05,0.27,-0.11,-0.11,5.74,14.6,30.4,3.74,15.5,0.74,2018-2019
Sevilla,1.24,0.16,0.05,0.11,0.00,1.32,0.28,0.09,+0.09,5.03,16.6,23.0,5.68,14.2,0.79,2018-2019
Valencia,0.92,0.18,0.05,0.16,0.05,1.12,0.23,0.25,+0.25,4.89,14.4,16.7,4.63,16.3,0.37,2018-2019
Valladolid,1.34,0.16,0.03,0.21,0.03,1.40,0.29,0.08,+0.08,7.08,22.2,23.7,4.53,16.2,0.53,2018-2019
Villarreal,1.37,0.08,0.05,0.13,0.08,1.47,0.28,0.18,+0.18,5.97,14.0,18.6,4.05,17.8,0.61,2018-2019
Alavés,1.55,0.32,0.08,0.08,0.00,1.49,0.27,-0.06,-0.06,9.87,21.8,20.6,2.71,13.9,0.32,2019-2020
Athletic Club,1.00,0.13,0.05,0.05,0.05,1.05,0.28,0.10,+0.10,9.08,21.5,25.7,4.53,14.4,0.68,2019-2020
Atlético Madrid,0.71,0.08,0.03,0.11,0.08,0.78,0.24,0.15,+0.15,6.13,15.6,16.8,2.95,14.0,0.32,2019-2020
Barcelona,1.00,0.16,0.05,0.03,0.00,0.96,0.26,-0.04,-0.04,3.34,6.55,32.6,4.79,10.6,0.50,2019-2020
Betis,1.58,0.29,0.03,0.11,0.03,1.44,0.29,-0.11,-0.11,4.16,12.2,27.5,4.50,13.8,0.32,2019-2020
Celta Vigo,1.29,0.13,0.08,0.08,0.00,1.21,0.28,-0.08,-0.08,5.32,15.2,20.6,3.58,15.9,0.53,2019-2020
Eibar,1.47,0.11,0.05,0.08,0.03,1.37,0.35,-0.07,-0.07,7.82,23.6,23.2,2.45,12.4,0.68,2019-2020
Espanyol,1.53,0.16,0.00,0.11,0.05,1.43,0.31,-0.04,-0.04,6.00,18.1,23.6,3.50,13.0,0.76,2019-2020
Getafe,0.97,0.13,0.00,0.05,0.05,1.01,0.30,0.09,+0.09,9.45,25.5,23.2,1.21,10.1,0.53,2019-2020
Granada,1.18,0.11,0.03,0.13,0.00,1.21,0.27,0.02,+0.02,8.66,23.7,28.3,3.61,14.2,0.71,2019-2020
Leganés,1.34,0.16,0.05,0.18,0.03,1.22,0.29,-0.09,-0.09,6.84,20.4,21.8,4.34,13.5,0.47,2019-2020
Levante,1.39,0.08,0.03,0.24,0.05,1.43,0.23,0.09,+0.09,4.71,13.6,21.4,5.42,16.7,0.53,2019-2020
Mallorca,1.71,0.39,0.05,0.18,0.03,1.68,0.26,-0.01,-0.01,6.66,17.6,24.5,4.87,14.2,0.68,2019-2020
Osasuna,1.42,0.13,0.08,0.13,0.00,1.34,0.33,-0.08,-0.08,7.61,22.6,23.3,3.79,12.8,0.55,2019-2020
Real Madrid,0.66,0.05,0.00,0.13,0.00,0.81,0.26,0.15,+0.15,2.37,8.21,25.5,5.97,12.1,0.61,2019-2020
Real Sociedad,1.26,0.18,0.05,0.11,0.03,1.19,0.26,-0.04,-0.04,5.79,13.4,29.7,3.50,11.8,0.34,2019-2020
Sevilla,0.89,0.08,0.08,0.05,0.03,0.85,0.24,-0.02,-0.02,4.71,11.8,21.4,4.71,12.6,0.50,2019-2020
Valencia,1.39,0.18,0.08,0.11,0.03,1.32,0.22,-0.05,-0.05,5.55,15.8,23.1,5.29,16.3,0.32,2019-2020
Valladolid,1.13,0.18,0.05,0.13,0.00,1.26,0.29,0.13,+0.13,6.79,20.9,20.8,3.42,15.5,0.39,2019-2020
Villarreal,1.29,0.21,0.00,0.26,0.05,1.19,0.22,-0.05,-0.05,3.84,11.6,22.6,4.55,17.1,0.50,2019-2020
Alavés,1.50,0.08,0.00,0.13,0.00,1.34,0.35,-0.16,-0.15,8.13,16.2,20.8,3.05,14.3,0.50,2020-2021
Athletic Club,1.11,0.13,0.03,0.16,0.03,0.98,0.29,-0.09,-0.09,5.42,13.0,21.5,5.53,14.6,0.63,2020-2021
Atlético Madrid,0.66,0.03,0.00,0.13,0.08,0.87,0.25,0.29,+0.29,5.32,14.2,18.7,3.45,13.5,0.37,2020-2021
Barcelona,1.00,0.13,0.03,0.13,0.05,0.95,0.24,0.00,0.00,2.42,5.45,28.1,5.08,9.71,0.50,2020-2021
Betis,1.32,0.21,0.03,0.11,0.08,1.23,0.28,-0.01,0.00,5.58,15.9,25.1,4.29,13.3,0.53,2020-2021
Cádiz,1.53,0.24,0.05,0.11,0.03,1.42,0.30,-0.08,-0.09,10.4,26.3,22.3,1.89,15.9,0.87,2020-2021
Celta Vigo,1.50,0.18,0.05,0.11,0.03,1.31,0.32,-0.17,-0.17,5.11,16.0,27.0,4.11,14.6,0.26,2020-2021
Eibar,1.37,0.08,0.00,0.13,0.00,1.25,0.33,-0.12,-0.12,8.95,22.3,24.7,3.26,10.7,0.37,2020-2021
Elche,1.45,0.16,0.00,0.16,0.03,1.55,0.32,0.13,+0.13,7.03,15.9,27.3,4.42,14.1,0.26,2020-2021
Getafe,1.13,0.18,0.00,0.08,0.08,1.04,0.29,-0.01,-0.01,9.74,24.0,22.7,1.26,11.7,0.45,2020-2021
Granada,1.71,0.16,0.05,0.11,0.03,1.63,0.31,-0.06,-0.05,8.16,22.3,24.8,2.08,14.4,0.32,2020-2021
Huesca,1.39,0.13,0.03,0.26,0.05,1.27,0.29,-0.07,-0.07,4.95,13.4,28.3,4.92,14.2,0.42,2020-2021
Levante,1.50,0.08,0.03,0.16,0.05,1.32,0.29,-0.13,-0.13,3.58,10.1,24.6,5.18,14.0,0.21,2020-2021
Osasuna,1.26,0.13,0.00,0.13,0.05,1.24,0.30,0.03,+0.03,11.6,26.2,26.2,2.42,15.8,0.79,2020-2021
Real Madrid,0.74,0.18,0.00,0.08,0.03,0.86,0.22,0.15,+0.15,2.34,7.89,28.6,6.39,12.4,0.68,2020-2021
Real Sociedad,1.00,0.08,0.00,0.11,0.03,0.92,0.30,-0.05,-0.05,5.37,13.7,26.3,3.47,10.9,0.24,2020-2021
Sevilla,0.87,0.11,0.00,0.11,0.05,0.88,0.24,0.07,+0.07,4.82,11.0,26.6,4.45,13.5,0.79,2020-2021
Valencia,1.39,0.13,0.08,0.13,0.05,1.27,0.24,-0.07,-0.07,7.66,17.5,22.9,3.82,17.2,0.29,2020-2021
Valladolid,1.50,0.16,0.03,0.13,0.00,1.41,0.30,-0.09,-0.10,6.61,21.3,23.1,3.50,15.2,0.18,2020-2021
Villarreal,1.16,0.18,0.00,0.08,0.05,1.02,0.25,-0.09,-0.09,4.39,11.3,28.9,5.47,15.7,0.74,2020-2021
Alavés,1.71,0.16,0.00,0.26,0.00,1.54,0.30,-0.17,-0.17,9.71,20.6,21.3,2.53,16.3,0.68,2021-2022
Athletic Club,0.95,0.08,0.00,0.05,0.03,0.97,0.26,0.05,+0.05,4.16,10.6,19.7,5.29,15.2,0.79,2021-2022
Atlético Madrid,1.13,0.18,0.05,0.11,0.08,0.85,0.23,-0.20,-0.20,4.47,15.7,21.3,4.08,12.6,0.71,2021-2022
Barcelona,1.00,0.05,0.03,0.18,0.00,0.90,0.26,-0.10,-0.10,3.87,7.61,30.7,4.34,10.1,0.39,2021-2022
Betis,1.05,0.08,0.00,0.08,0.05,1.03,0.27,0.03,+0.03,5.29,14.4,25.3,4.13,15.6,0.63,2021-2022
Cádiz,1.34,0.29,0.00,0.26,0.00,1.39,0.24,0.05,+0.05,7.16,20.8,22.1,3.13,15.4,1.11,2021-2022
Celta Vigo,1.13,0.11,0.00,0.03,0.05,1.14,0.27,0.06,+0.06,7.97,21.2,30.9,3.45,11.9,0.95,2021-2022
Elche,1.37,0.18,0.00,0.16,0.00,1.43,0.27,0.07,+0.07,6.76,16.5,25.4,4.82,16.2,0.66,2021-2022
Espanyol,1.39,0.11,0.00,0.11,0.05,1.41,0.30,0.07,+0.07,4.50,12.3,23.6,5.82,17.4,1.00,2021-2022
Getafe,1.08,0.05,0.00,0.13,0.03,1.08,0.29,0.02,+0.02,9.63,22.9,23.5,2.66,15.2,0.68,2021-2022
Granada,1.61,0.18,0.00,0.18,0.05,1.58,0.27,0.03,+0.03,7.03,21.5,24.3,4.26,16.2,0.84,2021-2022
Levante,2.00,0.13,0.03,0.34,0.00,1.73,0.30,-0.27,-0.27,4.08,12.1,21.6,3.97,14.0,0.50,2021-2022
Mallorca,1.66,0.16,0.03,0.13,0.11,1.42,0.30,-0.14,-0.14,6.42,15.7,20.7,3.42,15.2,0.45,2021-2022
Osasuna,1.34,0.11,0.00,0.29,0.05,1.29,0.29,0.00,0.00,10.4,23.1,23.3,2.21,14.4,0.63,2021-2022
Rayo Vallecano,1.32,0.18,0.00,0.11,0.03,1.31,0.25,0.02,+0.02,5.89,17.1,23.4,5.08,13.0,1.16,2021-2022
Real Madrid,0.82,0.08,0.03,0.05,0.00,0.97,0.25,0.16,+0.16,2.08,6.87,24.4,5.29,13.3,0.63,2021-2022
Real Sociedad,0.97,0.13,0.03,0.21,0.00,0.93,0.24,-0.04,-0.04,5.55,13.7,28.8,3.66,13.7,0.55,2021-2022
Sevilla,0.79,0.05,0.05,0.16,0.00,0.82,0.24,0.03,+0.03,4.76,11.7,27.7,3.82,13.2,0.84,2021-2022
Valencia,1.39,0.18,0.00,0.18,0.08,1.42,0.29,0.11,+0.11,6.53,16.4,19.7,3.68,14.1,0.53,2021-2022
Villarreal,0.97,0.11,0.00,0.08,0.03,0.98,0.26,0.03,+0.03,3.84,10.1,32.4,5.24,15.3,0.66,2021-2022
Almería,1.71,0.11,0.03,0.13,0.03,1.67,0.29,-0.02,-0.01,5.37,15.1,26.1,5.79,16.9,1.05,2022-2023
Athletic Club,1.13,0.08,0.03,0.03,0.08,0.98,0.29,-0.07,-0.07,4.50,11.9,24.3,4.92,11.9,0.76,2022-2023
Atlético Madrid,0.87,0.11,0.03,0.13,0.00,0.96,0.26,0.09,+0.09,4.37,13.8,21.4,4.34,15.1,1.26,2022-2023
Barcelona,0.53,0.08,0.00,0.05,0.08,0.66,0.22,0.21,+0.21,4.45,8.89,32.0,5.00,9.87,0.47,2022-2023
Betis,1.08,0.08,0.03,0.18,0.03,1.16,0.29,0.11,+0.10,6.03,16.7,25.2,3.92,15.3,0.58,2022-2023
Cádiz,1.39,0.24,0.03,0.18,0.00,1.41,0.22,0.01,+0.01,7.11,21.8,24.1,3.95,17.1,1.16,2022-2023
Celta Vigo,1.39,0.13,0.03,0.26,0.03,1.13,0.27,-0.24,-0.24,4.84,13.3,24.6,4.50,13.4,0.58,2022-2023
Elche,1.76,0.18,0.00,0.16,0.05,1.89,0.31,0.18,+0.18,5.13,11.6,21.6,4.61,15.8,0.58,2022-2023
Espanyol,1.82,0.13,0.03,0.24,0.05,1.43,0.27,-0.33,-0.33,8.03,17.3,22.8,3.21,14.7,0.71,2022-2023
Getafe,1.18,0.11,0.00,0.18,0.05,1.20,0.23,0.07,+0.07,10.8,23.8,20.6,2.61,15.4,0.95,2022-2023
Girona,1.45,0.16,0.05,0.13,0.00,1.63,0.33,0.18,+0.18,4.45,12.2,28.3,5.05,15.7,1.13,2022-2023
Mallorca,1.13,0.16,0.00,0.08,0.00,1.09,0.24,-0.04,-0.04,9.24,22.1,25.0,3.42,17.3,0.92,2022-2023
Osasuna,1.11,0.03,0.03,0.08,0.05,1.03,0.26,-0.02,-0.02,9.00,20.8,28.5,3.82,14.1,0.79,2022-2023
Rayo Vallecano,1.39,0.11,0.00,0.29,0.11,1.21,0.30,-0.08,-0.08,4.05,14.3,21.9,5.37,13.5,0.63,2022-2023
Real Madrid,0.95,0.11,0.00,0.05,0.03,0.90,0.22,-0.02,-0.02,2.55,6.34,29.2,6.05,11.1,0.87,2022-2023
Real Sociedad,0.92,0.03,0.03,0.08,0.05,0.86,0.24,-0.01,0.00,6.42,15.1,27.9,3.63,11.9,0.47,2022-2023
Sevilla,1.42,0.05,0.03,0.13,0.08,1.30,0.30,-0.04,-0.04,5.74,16.6,30.1,3.58,13.8,0.84,2022-2023
Valencia,1.18,0.05,0.00,0.18,0.05,1.13,0.28,-0.00,0.00,4.66,13.7,21.2,3.74,12.0,0.92,2022-2023
Valladolid,1.66,0.16,0.03,0.00,0.03,1.65,0.28,0.02,+0.02,5.05,14.6,25.3,4.47,14.8,0.53,2022-2023
Villarreal,1.05,0.11,0.00,0.11,0.03,1.15,0.27,0.12,+0.12,3.00,8.68,30.5,5.03,14.4,0.97,2022-2023
Alavés,1.21,0.21,0.00,0.11,0.05,1.18,0.25,0.02,+0.02,8.29,20.5,23.3,3.29,13.9,0.76,2023-2024
Almería,1.97,0.16,0.00,0.21,0.00,1.85,0.32,-0.12,-0.12,4.76,16.2,29.3,4.74,16.6,0.76,2023-2024
Athletic Club,0.97,0.03,0.00,0.05,0.11,1.06,0.28,0.19,+0.20,6.26,19.2,27.6,4.32,12.9,0.87,2023-2024
Atlético Madrid,1.13,0.03,0.00,0.08,0.00,1.05,0.28,-0.08,-0.08,3.00,8.84,19.1,4.74,15.2,0.95,2023-2024
Barcelona,1.16,0.05,0.00,0.03,0.00,1.09,0.28,-0.06,-0.06,2.97,5.68,28.3,4.24,11.8,0.39,2023-2024
Betis,1.18,0.18,0.08,0.08,0.08,1.25,0.26,0.14,+0.15,4.74,13.4,26.9,4.39,14.2,1.00,2023-2024
Cádiz,1.45,0.05,0.00,0.16,0.03,1.36,0.30,-0.06,-0.06,9.58,23.9,26.1,3.24,16.2,1.58,2023-2024
Celta Vigo,1.50,0.16,0.00,0.18,0.08,1.47,0.31,0.05,+0.05,4.63,13.0,21.3,4.79,14.6,0.74,2023-2024
Getafe,1.42,0.13,0.00,0.18,0.00,1.45,0.29,0.03,+0.03,8.97,24.1,25.7,3.26,12.2,0.47,2023-2024
Girona,1.21,0.13,0.00,0.21,0.00,1.34,0.28,0.13,+0.13,4.08,11.1,28.3,4.68,14.1,1.08,2023-2024
Granada,2.08,0.13,0.00,0.32,0.05,1.85,0.33,-0.18,-0.18,6.08,16.5,28.8,4.87,14.1,0.87,2023-2024
Las Palmas,1.24,0.13,0.00,0.13,0.08,1.35,0.29,0.19,+0.19,3.84,12.4,45.6,5.37,14.3,0.79,2023-2024
Mallorca,1.16,0.11,0.03,0.11,0.03,1.15,0.26,0.02,+0.02,8.76,21.7,25.8,3.37,13.7,0.89,2023-2024
Osasuna,1.47,0.03,0.00,0.21,0.00,1.36,0.33,-0.11,-0.11,8.66,20.3,28.2,3.13,14.1,0.79,2023-2024
Rayo Vallecano,1.26,0.03,0.03,0.13,0.05,1.26,0.31,0.05,+0.05,4.47,16.1,24.1,4.63,14.1,0.61,2023-2024
Real Madrid,0.68,0.03,0.00,0.05,0.03,0.91,0.29,0.25,+0.25,2.08,5.53,25.1,4.66,12.8,0.92,2023-2024
Real Sociedad,1.03,0.16,0.00,0.13,0.03,1.07,0.27,0.07,+0.07,5.05,12.2,28.9,3.05,10.8,0.50,2023-2024
Sevilla,1.42,0.13,0.03,0.11,0.05,1.41,0.28,0.04,+0.04,5.89,16.1,24.2,4.79,13.7,0.82,2023-2024
Valencia,1.18,0.08,0.03,0.18,0.05,1.35,0.29,0.22,+0.22,5.03,18.3,23.2,3.89,14.8,1.21,2023-2024
Villarreal,1.71,0.16,0.03,0.24,0.03,1.62,0.27,-0.06,-0.06,3.95,9.95,26.7,5.00,18.1,0.92,2023-2024
